11933711323
28985245384
87576772107
00688210921
45834228275
31512176304
07490143775
31302725870
43360296222
06407352317
96149314206
00502858810
73684692788
89675937915
31489743582
66276468196
74997421242
68997598308
97949080032
27403615452
69311478526
54546773381
08635392399
92172501517
65696181865
41029113826
06225107228
86982144631
60742934388
71283694211
79230976919
63598483456
63190103143
64756709651
91261450184
48856144342
31115639803
53497723718
57825635979
96098941391
61728517097
24788455216
96714225053
77392746180
61456345614
19525995072
01894798962
21039777725
10299526887
96199134111
54078977693
83875317847
81490055172
77000720631
84430163678
87053204049
24023975936
29412456532
79426586969
02523071912
62554025758
96843800079
76482652484
06901334367
28687861754
71886876340
96664382010
41018068532
58713450754
61824488801
26111368173
02961090212
00273766566
82670699585
95818319035
68871950571
22081915325
59211034060
96435450713
38383003934
08653043363
45122841236
63545492518
51414817919
35574719011
40691082332
01465248656
08212614292
05999067182
44073490082
23322056046
17075488099
89996151752
76712499105
35608816189
79218969465
56835083758
22030490147
41674003961
38750451972
77580897766
44679789103
72309186607
68658586914
07433202181
40418863135
73741157664
90922630049
41356937554
35895949542
25323695522
24670487913
78448171884
54191287276
11788843914
80514561973
44225901649
65227894777
27243984824
74374626170
26989223395
12848722171
30194508265
13557260193
01636043568
14124968791
98729115783
11131234712
08385664497
36059757835
82091694888
59148571578
01060622850
47172495053
16047394488
30301849753
44584040158
21294013643
90413697143
17400527049
56665732788
26691389030
23488163341
95336972738
40815098225
05531068888
10569973933
07425275639
69462766948
96022746567
33477623309
70026625978
40099341183
66795964790
32252677507
05743440723
49380143755
02070383547
30791136040
97766867111
36354295078
97753636154
92399597127
56562296842
03132895254
39237911855
88969292848
16539945341
98828768465
16709466887
88633550596
70513537969
83121863487
20642528549
30361049753
38498792086
85079700855
47463224784
06587883301
98318874725
52034369532
61042770499
62290691200
28290054161
87085075564
92231093986
46394439260
28074822036
74328384932
26560700193
68380538463
60308378231
29719345826
75475221238
23434770185
27934112470
82270898634
21214296094
51287374754
48629190946
92501203799
33718090596
66928302932
75913478706
61533482803
24319726030
87039829262
49450689517
39996166054
38342330653
22705607992
60853942127
63481109437
98262325236
18481639913
53597017717
43511904696
27064242433
66728920561
63749427979
89737603871
83672784837
30220513969
80859271910
33692405191
14092127011
71820632303
03333090861
38432935332
82351024593
96848162895
47297963317
35973639894
53681368001
18956035269
48130566236
80732349955
23369194906
89899162301
88191923371
38754606796
02694558566
87342812947
67054404227
94856517802
16124382569
39291515944
12602294118
64064523079
18967298811
