06901334367;41988800263
23678416206;11975403020
14124968791;11996720145
45152877749;41964221019
22339087409;85996210063
98447278112;11990996427
77580897766;31977832971
87005862646;21955901852
07398786241;51976437517
40106478425;21901029772
05531068888;11988633728
48497480578;11972732442
39237911855;11970200857
12848722171;63941302453
39996995982;31965338283
53705506131;85910860177
62290691200;21905848009
05254860736;21900443893
38059085793;11987868613
01060622850;62981760185
34275739923;11960523656
56188507958;92945593970
38727486397;11924759608
16539945341;31905557976
13080475957;65953218994
99579399046;31949756435
81544546147;51973481200
79218969465;51986248684
64991038584;62913058273
78730428597;41922646414
00103036179;11915960322
22387252911;41929047952
42144123150;41931019382
20642528549;85992217250
13043125498;21966164342
73117911242;11910303134
91519200417;67918522089
99704534481;81907560317
21039777725;47949628693
69462766948;67909888847
02033700037;71968703026
93725164040;85977159771
56832684791;31950094805
10925243577;41915421457
98660948382;21963790474
59759786008;11967629542
03707110642;47998348203
81963643217;91971757655
90922630049;11950740553
88399633714;83994519477
47340364804;21927389973
62628942628;11994368053
72275394632;71968997334
93865683369;82991308670
20263536813;11998794268
12762899780;41909080341
38342330653;11951975140
53784083841;92985957217
02861091338;11986172933
18357543251;62916450492
14192494134;62937884610
55122835290;47916319746
38020570376;11935692674
27934112470;21975408043
07490143775;62940840470
26026954346;51971245711
03707110642;47979511647
77037589109;41931972734
49004995828;31913911757
35973639894;27984260084
31512176304;21992993009
92469243970;85905815171
07225321050;21904714573
51287374754;31906951445
01806077965;11970980969
21656228313;27971179541
79814254511;71910721606
05999067182;98944174620
39090018224;81996503265
28687861754;11928127461
15879580107;51993515401
63598483456;91946518206
91638891495;41915155661
06322438759;11981888819
12602294118;11902157754
01806077965;11967014963
64927526022;47926137259
85599353443;31950610428
07425275639;47939605753
75475221238;11950817177
20098937131;41962937677
39544410782;61981926694
25620248454;62927205906
45071541332;91946655074
80732349955;21908143380
04430432003;11934105771
34229592525;91920629557
19549945977;11927328519
30194508265;31944134993
27243984824;47921774252
98797907382;68924863571
90922630049;11985764125
03437228006;11938629361
34215050201;91930056524
84113980447;85918567007
35975729643;41947999188
44073490082;41933732505
76161734929;21918654507
00497336783;61996566092
13071520702;67952637382
51783180768;51960464450
96539102378;31970615285
79814254511;71984568206
60853942127;61944275195
31284048801;95981196582
79709760671;11957848603
02158740055;11933779473
54800490916;21954090851
66864792719;92949149521
05743440723;41914896218
01550827060;21976684364
79991603929;31983668690
75100060489;69903386909
68710127635;71974704822
48856144342;11910447403
39439074742;31970655810
30129609663;31936240508
49962592855;11996397290
69157179239;11924003578
62628942628;11971668095
92730758815;51944406841
48497480578;11939352851
89911841636;21927119641
46443567919;21943106733
79849736088;79927134586
73596850578;27927230523
05254860736;21952457018
34001052135;11924244622
67054404227;11969366840
07422390405;11999950402
76712499105;11903561764
42213697075;71997752606
44584040158;31957640641
61456345614;11949719376
51414817919;41955612100
47064687322;71969898848
38067126724;11936885171
78298487240;71963563930
94392214085;82926216944
67648963143;11997515003
91261450184;11992781466
68300990752;21966968673
61662100433;11921793430
20245374206;27930317049
00201196879;11921482338
40169970856;41991562898
12207505397;11949775045
17400527049;31914540868
95818319035;11969271405
34001052135;11938317770
34771652028;11905195343
54499271236;11933664236
31489743582;31900072193
01484789632;62983505716
42455527060;67917181881
74865987772;11952866909
79940615090;11955015618
21039777725;47986713912
86982144631;96948698548
38924545693;67977413463
14501027544;91917726277
12413507200;84965315560
18967298811;82998326774
29412456532;11963585539
96787115152;71977161901
99618594050;65966940908
61042770499;11921600698
94943409465;11909724911
49380143755;41911558764
72844937294;41911258085
82270898634;11909978886
66833408620;92914788804
51287374754;31968041084
13048050170;51932274037
85912388011;11908341263
51783180768;51980318571
71283694211;21956177724
96022746567;84900836035
26560700193;11917858629
11785248807;21937464591
51783180768;51991899521
98447278112;11939008270
18973798224;83925973062
61662100433;11927801493
70671706294;92941785699
02345272292;11963855366
00571387049;62989395915
39327964726;92934450520
25372156474;31900894899
93946389002;11901136859
56792624529;11912540126
29440037870;81942774963
80001077590;81974669120
79426586969;31972262835
23434770185;84955430091
17556130391;41912959072
14501027544;91924016354
48651062769;11940105160
44219897595;91969173011
63393682397;47956746230
85924833337;21941083627
72309186607;71913602673
59109326934;11955096514
05957829086;98914585902
12433089646;65963692172
29440037870;81998154604
75254503671;21985577242
82351024593;91968337817
53784083841;92957380610
93589932729;31928933802
30005304309;98909582223
79134793072;11952367327
96714225053;31989653237
31037693356;21915599403
22339087409;85963189395
34275739923;11998208621
55122835290;47993605959
88287081993;41931255531
01484789632;62941989108
27934112470;21994247610
40691082332;21917067436
26989223395;11992670801
28441052104;71977773155
75946874994;11960238959
12207505397;11976708570
45834228275;83934809620
07360404935;11928699886
65366770014;11925774130
38025266035;11984022584
25144002917;61973771439
59109326934;11949282226
56233866008;21942012197
78298487240;71964717639
46651701581;82954814418
73638963158;11966806279
26178550837;21958833368
40691082332;21934967748
97766867111;86923088351
16047394488;41950037772
48629836624;81926838105
66864792719;92907682839
95181181845;91967420242
10033744359;61948876152
62628942628;11928417030
94740024356;21973511640
88969292848;11953542037
38754606796;51934305063
78448171884;11987351317
33170994220;86916525010
65227894777;31952943326
13213235096;47986171052
33282950937;11989601293
35723041167;11939389773
14510207922;21908982809
98617758846;47973046232
65227894777;31934434296
43997191299;86982269742
55422483638;21931034512
84730577411;47999699368
05957829086;98931052018
26138024926;11969516868
28441052104;71909273546
49303681005;11953451401
80683665547;31919609916
07848634777;21927117833
06116269845;85997010683
46311876650;21934194010
30361049753;71901209420
86180365149;92983741545
68710127635;71994538891
46854118531;83911161315
97011866444;11908745073
73638963158;11919319154
02345272292;11930372175
04551928374;85914096598
22705607992;83989604250
58385645704;51955303918
54078977693;47971646189
14672648897;85955968773
32514417295;21909016109
28302000686;91935866246
55021619254;11997879165
94740024356;21913113278
38342330653;11933676452
01484789632;62947416070
04943308089;41940458514
50231281091;11965908777
09203731628;47931406670
61533482803;31966683119
35608816189;11951006321
41992007164;61912293909
52718616982;51998243488
13633060247;11903550912
06291434398;92919700871
06948258194;61981289116
10872332618;71975991883
88399633714;83902429421
62199444696;51978175875
88110448096;11920977601
07398786241;51946207590
16047394488;41974254879
01636043568;92958562268
11933711323;11935125018
60609351041;31917500027
81845750988;11948941786
28382806966;11955501809
63599497551;11934799856
61905737921;41976159677
79617568119;71951216524
01465248656;85971209140
48500303962;61910908469
01060622850;62991117735
09692433564;11916990789
45152877749;41934521952
39544410782;61987555442
12433089646;65998807041
71886876340;31934668219
49303681005;11940679933
31284048801;95901846425
97011866444;11952005299
11241853333;98941954094
65051006481;41976459346
74997421242;11979544556
79991603929;31926348349
52995634119;41983537078
07425275639;47933633260
22339087409;85975815088
68380538463;41933825606
26989223395;11969739729
82091694888;47904550754
40815098225;11984979301
61442735260;47998650469
07398786241;51914933095
43151364969;82974516960
19639847749;21917145350
57523125036;11938671012
07398786241;51977988799
72275394632;71965299703
84671007720;81990280865
34771652028;11965704148
29402434926;92911743272
93589932729;31959070571
02524999791;91906611641
58713450754;31994175873
94740024356;21914809816
57944739458;21968445592
19639847749;21970594609
75254503671;21998402298
83875317847;65996071356
06225107228;11998539819
50087322761;51985242847
49542682138;11965757616
42144123150;41922824659
86982144631;96930325591
25144002917;61917628552
58472564125;11926138746
29719345826;51933511280
95811260333;41984304827
73251347011;86994057563
68871950571;11918605098
49303681005;11958488321
53277743005;41954860481
38407190534;41972909784
30760711291;21969103084
16124382569;11973819047
42817324519;41989273426
38025266035;11998300743
33282950937;11937669800
14474238663;31920451079
65316438971;92938710075
30620814905;11906397385
95004113114;31987960126
45834228275;83907197882
12307124472;62990156465
24042982662;92951961659
00704051057;27956214945
60308378231;62957454357
54546773381;41994353896
29440037870;81909590672
80570933249;11926444162
23910752543;62966490972
19588706753;81916101176
85924833337;21951651348
67019167898;63972985078
30005304309;98948262544
42817324519;41949347301
50706008826;62955404463
56188507958;92923162043
39889960204;81979367777
50105343702;31900286404
02309635623;71988454923
23488163341;71915280186
19026428193;62981764196
36301064667;71990701907
36354295078;81938759584
21012147231;11944498464
49004995828;31964345209
83674688905;71970547734
07425275639;47966490121
07433202181;61986284928
98750846065;47924924005
36301064667;71959550257
39439074742;31924515854
38754606796;51970472113
26138024926;11951041203
43681893746;98964641795
44694935882;61950653472
47064687322;71969645724
35723041167;11951028297
25893621391;91995529751
26111368173;31916814295
29440037870;81946584433
45834228275;83983264243
14554618806;41942914902
83674688905;71909135664
22387252911;41982171322
83674688905;71994337095
04943308089;41953826258
82670699585;21994799053
48500303962;61907859222
73741157664;11903926833
94686021255;41959318487
14092127011;84994622676
92016906762;51968719219
25335578214;11991927365
64064523079;21920621811
80570933249;11923435576
18619589742;11919605438
69456535384;11924285598
20642528549;85962973346
68082591994;61959154238
17400527049;31979159315
68871950571;11994414830
50087322761;51944657855
56832684791;31956443607
99126114966;41951480842
97866463891;71950154600
17767141899;21958696847
60667441304;31978916392
85996195950;71918721389
92501203799;11911540140
87039829262;47925066546
97980872411;86917134722
00571387049;62919521216
94856517802;11941418108
33405683926;21943892738
91253619899;71936109820
12762899780;41906291595
48515259396;41962480616
49705017910;41967907542
03900322496;41951543368
23434770185;84920625256
17764846961;47946332879
18973798224;83946122090
07422390405;11907848581
20464663607;81941726353
31284048801;95977820372
56835083758;11957629894
22277981641;67986627147
06948258194;61990036790
17051514952;41953727201
93657581378;85988776672
01673994425;27917966570
64991038584;62978474644
03671014986;96939582643
66986868551;11909634900
68380538463;41964275035
40815098225;11923744770
91253619899;71937764751
56693151237;31996710257
03333090861;63963170190
83698055240;31922273308
17210395805;98918442440
97011866444;11996467750
10299526887;11938579559
80570933249;11973739201
16539945341;31927746784
44694935882;61985481391
41992007164;61963377962
94686021255;41932372102
06169100973;11953763967
16709466887;21981362187
93725164040;85903879182
20322662885;11980832822
73117911242;11990518258
10872332618;71930258326
84014039361;11996993993
90828076769;41998898093
56188507958;92941536612
75100060489;69921525662
64317596931;11933957551
27206864653;69972989313
79230976919;83964147969
78026538034;21951279268
83674688905;71970707527
01673994425;27912338665
24786493585;71901946279
20464663607;81976852240
44225901649;47925518345
10134746112;41924699831
27234326097;65904349788
10299526887;11939917765
65344270250;11999073570
06225107228;11925478407
22030490147;11977110150
82270898634;11998543620
57523125036;11996612115
94442464716;21948023159
47514733941;41983134668
92364544237;21994330756
56402452318;81989378017
83698055240;31927485235
17400527049;31997950368
47297963317;86931507151
13423802957;86959697965
25372156474;31911851464
16047394488;41910119595
66986868551;11930296708
41927357636;11948043673
30301849753;67918458666
18140525967;91961311640
79617568119;71997316550
29402434926;92919305386
43681893746;98900001991
13213235096;47912570747
43511904696;27921866013
99698707134;11955084324
52718616982;51963552793
53934551398;82919402693
50105343702;31935537365
99983586057;27956284412
73741157664;11913701896
83121863487;81985696196
94840525697;65952817490
72195951907;67932977408
63545492518;21928587082
66906233005;67973475448
51287374754;31925935888
99126114966;41941732780
05205839898;11968364434
99704534481;81957198068
78025418101;11990181163
72275394632;71938565542
75097502306;51995056201
84266966898;82967974320
17556130391;41998480997
77092790668;47938263561
38059085793;11917990480
12461740438;91984175034
59148571578;69903054930
47297963317;86956605633
69038147087;62927681812
91147857706;65940954066
31037693356;21967798852
80683665547;31967713030
53784083841;92965431428
92622881738;11947218720
03437228006;11911150430
37737270742;62989650446
99579399046;31961730715
57825635979;27902829796
01894798962;47959440720
25335578214;11902956153
78026538034;21950950492
06348379746;81949974993
03333090861;63967015573
73251347011;86924612447
05432733780;27942797419
82091694888;47917355901
17210395805;98963560463
06169100973;11905057327
68398022314;11910788511
75081030541;71917242633
28290054161;11955919010
19877011233;21936606537
05895932382;31948311243
12461740438;91992804516
08212614292;27943580960
29402434926;92986340481
66833408620;92977859072
47340364804;21986810746
60582540865;62930042580
14092127011;84994871321
53497723718;11993959053
35895949542;11948952394
26560700193;11931600027
22030490147;11947306678
27934112470;21912809671
96787115152;71915335358
96022746567;84944573817
17963634399;11908771760
76526550360;11992262267
38020570376;11957466404
35759253722;11959019207
41029113826;31920036697
48629190946;68944497947
64927526022;47944830954
87342812947;11979431148
58713450754;31969492697
29331596947;11946690868
45209691844;11921210801
59109326934;11945394795
84327292971;81951934757
34525025264;41920914798
23910752543;62937795534
92655326277;51935218934
71557759274;67900958136
72309186607;71981639364
80683665547;31999939359
28236312336;11965666868
75739927138;51939208436
98729115783;67920882078
11891039422;31921099081
25893621391;91901545623
87053204049;71914574044
34229592525;91958549508
72979565005;62905919137
21039777725;47970805715
69663825292;81999170112
92625340716;91943389648
73251347011;86927878741
25481595545;27949654046
23559792606;92997978240
11110136226;31999053643
64015898870;47900780805
80514561973;81906513267
93946389002;11984165425
19588706753;81978333357
45209691844;11932728210
48095430940;11967390688
48651062769;11919126072
81544546147;51986579791
61662100433;11974261018
10033744359;61961185698
21294013643;21955868849
04943308089;41950400233
11131234712;41936425999
38020570376;11905511498
12155798064;91907939474
27206864653;69961775833
59355611977;62914750335
64015898870;47980841551
50081564722;31934758312
12433089646;65921731910
68173136882;51962139736
00133050959;69955130115
40463630697;11931596956
51907312164;27912863841
01121548682;91927141451
44225901649;47965062924
18565198365;21912104123
92342947918;21904874285
61905737921;41988002227
83820138875;31977727627
31489743582;31921989209
92016906762;51980578961
38059085793;11996983888
38438801842;11976468615
56485124796;31989518125
47463224784;11954701634
52995634119;41948259488
05999067182;98910477195
34194951602;61951463734
02158740055;11965482665
32291557677;51970701196
60582540865;62920327373
39237911855;11927084727
39996166054;86997592132
25620248454;62953089237
56188507958;92924579709
89136646910;27938658245
78025418101;11953436342
46611307564;11969393878
06319232999;61957643808
74374626170;21936771699
53609244186;11999814420
74328384932;11980406252
47514733941;41928467760
89330619257;11944349988
06116269845;85918127858
85912388011;11947792582
97202822644;31967216957
51907312164;27979276235
42727863560;11996821223
86573702618;11965102006
78298487240;71900559080
76712499105;11922911251
43360296222;11919284995
34275739923;11917585736
71820632303;21962048374
06901334367;41942128194
01636043568;92979489607
02033700037;71927257115
26086948920;81990770731
53681368001;21908452911
35895949542;11981563244
74433489102;27961103246
64522135935;11948145604
97980872411;86914885713
52911356473;21900664832
07490143775;62970569915
17764846961;47942794962
12433089646;65949552527
65777438242;62975096932
58580135125;31906822897
73242898225;41927352031
23678416206;11911730142
68173136882;51976468680
40815098225;11956875487
22030490147;11982842877
90223115332;31967880194
84113980447;85968944239
81894367843;41971422026
00988757570;31994713879
84266966898;82970579467
34275739923;11936513806
30646237994;71914974246
14918249135;62944346127
52630629459;92914595654
65344270250;11901613690
06901334367;41995480294
25262248593;51939947805
99156070455;11909682100
13080475957;65916224347
95811260333;41965513100
86777746956;51954333382
96843800079;11908716937
20322662885;11911681637
25481595545;27924181580
66833408620;92924748648
68604191063;11974869033
48497480578;11964814117
94392214085;82968594827
12762899780;41946240815
52171989225;11931538785
14124968791;11965221091
84113980447;85915929108
95818319035;11975773543
17963634399;11991697881
33405683926;21933092416
65344270250;11956011516
94392214085;82921926652
22323732732;81902921095
24300251858;84981784271
60742934388;11914942725
27837806693;21933351166
83092399348;31991945792
59759786008;11970375388
31489743582;31986268926
42817324519;41973699589
38025266035;11967376647
90286314771;11942091567
24786493585;71974252033
17760794860;11969565611
12848722171;63902988734
13043125498;21920863269
59195205399;21957172503
61662100433;11934157067
68585265674;81911208047
40418863135;11971835244
60295564267;11990394895
96714225053;31995181483
18619589742;11977495958
87085075564;81915290271
42144123150;41952232320
09324637447;51950927071
11131234712;41973202001
99983586057;27996565425
35176057375;67917474994
61728517097;21908648961
26086948920;81971488019
06322438759;11903519097
68871950571;11983679194
69157179239;11936619443
30072221937;51933583340
28199473617;11937463220
96843800079;11904841705
39996995982;31998725642
56041513170;21981132888
49004995828;31960160398
12307124472;62906218650
41029113826;31987144426
10626733469;71916400260
62176845622;81903411339
34001052135;11934740919
62956681594;82915114833
27243984824;47909400001
77037589109;41967158046
30791136040;81970356639
06169100973;11954389198
91638891495;41900487107
18967298811;82945408219
96149314206;67926200483
98261973292;91915892684
25378517870;11979921528
20528591857;11935662381
96435450713;11923623445
25893621391;91918008044
33692405191;21983973477
86886277229;31980526443
04336223992;11917346820
41756915037;11949103948
65344270250;11986853730
94840525697;65941511007
47172495053;62935197979
79426586969;31993590507
34572516905;41966287147
90828076769;41979187485
20322662885;11900547463
51287374754;31926032113
55210104021;81942486917
92172501517;47987564614
51799160330;41959869854
87289536210;41960118710
31037693356;21916370546
06901334367;41958277045
14950432078;41944372403
09026225294;11938476830
42213697075;71926888720
70513537969;62962584196
82548584470;11908720384
52171989225;11915873392
35604284455;21963752135
66906233005;67920822576
63393682397;47909130473
18956035269;11904659514
43681893746;98908065856
09692433564;11928794396
71067716605;11972804869
53934551398;82916765529
81039908492;47930988241
51783180768;51993616699
03531404865;69932024471
27837806693;21923801832
69663825292;81987290763
66481501614;92950434656
41756915037;11982786861
86573702618;11982609850
30207092717;11949710361
50706008826;62997265033
14602459698;81975272021
99306055551;84916235168
63598483456;91904650400
30620814905;11920628512
66476242237;51949455803
53784083841;92940077498
61442735260;47945406088
47176090912;11903713672
40134335114;11983124467
65350925475;21962575266
50994800472;11943458053
50994800472;11909217306
79849736088;79931383078
59109326934;11935269717
65350632205;11906300275
80683665547;31954591882
30646237994;71964640536
44225901649;47934861989
39291515944;11931965831
68398022314;11960334618
40169970856;41940512326
21656228313;27984599141
06407352317;41906069141
98262325236;11935480470
82049774336;61990916515
99156070455;11905160541
15879580107;51998125714
66476242237;51929877698
84671007720;81930527997
33697575953;21985264156
27403615452;71937294060
30072221937;51918941436
20263536813;11976333768
48095430940;11948983056
24786493585;71949460401
01465248656;85943747385
65227894777;31906159119
69663825292;81939117108
06322438759;11905705090
77417589304;65985538779
01962426665;65966869909
02523071912;31940816127
16281756162;41952823322
93258163108;81928281756
80453053248;83954893101
18277579860;41962969889
68871950571;11949871394
80269993582;71946843148
39439074742;31981457014
14192494134;62985451415
48629190946;68970721118
28199473617;11911944572
92711192025;51993252589
68871950571;11974658129
60609351041;31920818294
62956681594;82978127590
56562296842;11982039199
39967182832;81947424749
28985245384;63972035253
52718616982;51966877814
03538709669;21942182716
27403615452;71909896757
43851646421;21950038360
95004113114;31966964715
07406968620;71932305411
21970254860;47932755584
51287374754;31934169456
25893621391;91983822756
26111368173;31984716579
20322662885;11936903285
98447278112;11952050269
35968616470;21929333647
04512807257;11919662344
19639847749;21946333190
62176845622;81967681653
38432935332;31987698403
67648963143;11998818686
13423802957;86946446273
35973639894;27957073404
18973798224;83991292502
18481639913;21906554350
93865683369;82945855546
72979565005;62949443240
40418863135;11951405135
42917416074;91921620904
79134793072;11937932704
33718090596;11952971974
46625173514;41966072463
27206864653;69957184884
01550827060;21972543599
10521671081;11953761179
56097280071;71940156009
92231093986;11988788777
19620789115;11931314325
87085075564;81942854318
92342947918;21991731157
52797897518;68996246046
25144002917;61985286002
83698055240;31961183213
19620789115;11930328256
89067970617;21971680094
14501027544;91912856670
83150805714;21981342606
90413697143;11992432741
00085378542;21990064963
33888463499;92951083572
59355611977;62993371118
93503455398;71909405410
20242377746;41998977213
00502858810;81938751083
53281447695;71973592825
69802880597;21947214529
16509024605;71926519107
13043125498;21929873849
68585265674;81976455480
12461740438;91980559378
68871950571;11928665479
78025418101;11937146586
63190103143;83956623409
53705506131;85954764573
47176090912;11960372782
41992007164;61982193499
98447278112;11959974973
39222752853;11993899041
22081915325;31957232339
59864712632;11937042544
81963643217;91941998767
29412456532;11918478166
18619589742;11957023205
85277564497;62914874343
02861091338;11990690485
01550827060;21912625415
56832684791;31907959670
00103036179;11981938180
48497480578;11948502926
14773788656;31959198584
14474238663;31983186777
72309186607;71988146800
60323684225;27918402339
44589610738;31948451476
16310914340;21901843116
99698707134;11998476953
41356937554;21987461909
53597017717;69945063657
55021619254;11949517631
62628942628;11957163813
30129609663;31962052296
52034369532;11987864918
74865987772;11907152314
64756709651;81939984693
