26691389030
70454569202
95818319035
62176845622
42036102289
20263536813
75254503671
86573702618
99306055551
71557759274
07433202181
60323684225
28074822036
56693151237
39544410782
86886277229
13071520702
45152877749
04705284698
08635392399
63606954314
47172495053
14794413711
80570933249
94903713133
23434770185
72275394632
33060454666
09203731628
25144002917
42455527060
92711192025
39889960204
22277981641
24579534773
18973798224
67019167898
51783180768
60582540865
59133200489
31918725851
83092399348
24406188080
66765408452
08397840002
31115639803
07882972088
77037589109
87657794032
35975729643
21970254860
56832684791
92501203799
00133050959
64756709651
40169970856
92469243970
75605238712
03132895254
27934112470
92056429850
51762741125
68710127635
26560700193
06587883301
52664556896
29243540426
50601100934
99704534481
75097502306
38377488076
14474238663
96539102378
82091694888
48500303962
93503455398
95904519921
81544546147
47463224784
79877884976
61824488801
52911356473
41674003961
12307124472
13423802957
79991603929
87342812947
28199473617
12433089646
10299526887
80373604239
03437228006
92625340716
01636043568
85174997484
21656228313
60308378231
11241853333
04512807257
27064242433
33697575953
82351024593
01550827060
27721928741
27206864653
60295564267
31455629220
43851646421
62199444696
24857269519
55322981957
19620789115
70026625978
69847144262
94227084563
87005862646
38059085793
23322056046
11131234712
42144123150
40883018811
56562296842
98261973292
34275739923
52187067076
84472661418
63393682397
79709760671
48629836624
87289536210
30072221937
39975978596
52407479623
33771740063
76161734929
73684692788
77580897766
04240506625
22323732732
88399633714
64015898870
27967485388
34572516905
95811260333
14501027544
38342330653
53705506131
69157179239
16124382569
30129609663
40099341183
75946874994
14012443304
88287081993
97400055251
66928302932
00201196879
25378517870
89899162301
12848722171
10569973933
01060622850
53609244186
09026225294
89675937915
20242377746
10521671081
66833408620
58713450754
69767576451
61086591556
12433994136
11785248807
18481639913
94392214085
49962592855
70513537969
11891039422
84266966898
38498792086
84730577411
45474887930
09344545042
68585265674
24786493585
61905737921
85605808173
46443567919
28529275162
44589610738
62290691200
69456535384
96664382010
91550799640
35895949542
49405416180
02070383547
28090236300
00273766566
48515259396
22121745730
31512176304
61546427876
91638891495
88243319282
99579399046
31489743582
77392746180
22705607992
74061632766
17556130391
12207505397
19588706753
03542647469
78448171884
16539945341
41927357636
34229592525
13048050170
79134793072
36184935963
63190103143
96787115152
58580135125
52630629459
35968616470
19525995072
64064523079
67054404227
73799139764
96714225053
30207092717
94856517802
50231281091
93986025048
06348379746
00143229829
08385664497
33692405191
35973639894
49380143755
84152041910
42080389075
90642640883
73638963158
77000720631
00497336783
39650856019
94442464716
47949592153
44992608468
98262325236
65350925475
28985245384
60667441304
39291515944
98750846065
40106478425
03029637840
58385645704
43063341639
03366725419
24023975936
30791136040
60083554575
02883176916
54617775323
27243984824
13140716041
25262248593
77881518320
10134746112
47297963317
51103164963
00502858810
71820632303
42917416074
76712499105
23488163341
97866463891
31896344908
05008745421
95181181845
66476242237
81172992530
38407190534
29331596947
98617758846
97564776269
74496539049
39327964726
53597017717
84419781605
64927526022
48130566236
20642528549
28236312336
55676816207
19026428193
61662100433
50105343702
73895719277
31051505675
89813553869
08212614292
26362514643
61442735260
44679789103
20233109575
06407352317
24300251858
20140807136
71067716605
33405683926
17767141899
07000091383
02694558566
99698707134
18140525967
85277564497
30005304309
49705017910
95004113114
32045637842
33587683400
69663825292
84014039361
32901813581
96022746567
68997598308
66864792719
73117911242
49542682138
18565198365
52199461290
56188507958
05957829086
84671007720
39222752853
49944726471
92172501517
86525135515
20188093431
05743440723
23559792606
69311478526
65913170790
56097280071
85924833337
32291557677
77092790668
83672784837
09691417801
76396534956
97753636154
56233866008
30194508265
52034369532
48497480578
66525571148
30760711291
81039908492
46885980341
36354295078
55162553121
09324637447
04430432003
54499271236
13043125498
26026954346
12821013753
14192494134
17051514952
00360572129
61244077386
65777438242
13080475957
05254860736
14950432078
56665732788
50081564722
66340987934
21012147231
06225107228
28302000686
11788843914
34756823502
22901476982
02861091338
72844937294
57190529022
28693327297
33912640110
00120418470
95350598590
02961090212
87576772107
05828112119
15879580107
42213697075
43735414297
26138024926
26178550837
93657581378
43681893746
59355611977
11551849822
59195205399
71533979784
57825635979
99276407112
29929705421
91261450184
35723041167
69802880597
61728517097
48629190946
79218969465
91253619899
99126114966
65344270250
32514417295
64317596931
72327638817
77693913340
65051006481
38067126724
96044788121
19549945977
16047394488
02493286803
96435450713
21214296094
35759253722
54191287276
98797907382
89737603871
83820138875
66548746810
01962426665
89067970617
21294013643
96238548373
72038562864
28893604308
13557260193
33718090596
18575269079
61042770499
82548584470
80732349955
10872332618
48856144342
30301849753
66795964790
57944739458
85912388011
83150805714
50994800472
87053204049
38438801842
14807871214
55351560898
07225321050
84688654391
30220513969
63481109437
79849736088
23678416206
18956035269
40691082332
89330619257
98660948382
38750451972
33773264423
73251347011
10647355758
89136646910
01460968304
24670487913
51907312164
20086428412
12155798064
19989190849
14672648897
80001077590
45122841236
19877011233
60742934388
49158880383
16310914340
35176057375
00688210921
25620248454
65696181865
46651701581
01121548682
85599353443
31494547186
61533482803
09692433564
20322662885
68082591994
86180365149
22387252911
76791982007
19639847749
84327292971
65874550208
90828076769
21170064577
05531068888
04336223992
13133288243
34001052135
70604586371
12413507200
81894367843
59211034060
53277743005
39996995982
18619589742
92015303748
03333090861
66141382941
07422390405
95978075362
83674688905
35604284455
09461822948
24042982662
32407824586
63598483456
46394439260
07360404935
34525025264
23910752543
98447278112
01484789632
04070175409
11933711323
71856741233
93258163108
86982144631
18967298811
14602459698
26850121042
43997191299
44694935882
29440037870
27837806693
87039829262
66481501614
66694923071
79230976919
55422483638
26989223395
13203574881
66986868551
39237911855
05250971674
30620944716
35122483976
47781615605
38754606796
07051732553
98729115783
93946389002
07490143775
87597241581
01894798962
80453053248
08662448706
55122835290
64522135935
06319232999
79814254511
28309803572
44219897595
99331246163
38432935332
62628942628
14554618806
68871950571
96199134111
51887086989
14561033388
06948258194
06116269845
92364544237
79940615090
80859271910
87085075564
29165669732
43511904696
75948593679
59947708264
84814790982
07425275639
71283694211
14510207922
84430163678
97949080032
70754824022
39946763584
72195951907
65065556349
59759786008
17193476542
68480136701
62554025758
88110448096
75081030541
74997421242
82921817659
94840525697
40134335114
75100060489
57523125036
54882901529
62997238943
76482652484
52231180728
06291434398
70386404233
67558717362
92730758815
56041513170
74374626170
90223115332
34215050201
58472564125
53281447695
54800490916
44225901649
64991038584
96149314206
53681368001
17400527049
38879148046
52995634119
70245439004
57065122391
84113980447
65522284024
38025266035
03671014986
08653043363
92622881738
92016906762
83771870311
99180508751
06901334367
25481595545
57217190427
18310157072
12890291686
41029113826
46246917541
49138011457
94740024356
47340364804
20098937131
11397886100
01806077965
01673994425
99983586057
95274813332
52255929608
52171989225
20528591857
88793538093
28539128616
05968928033
63749427979
22030490147
66276468196
05239560825
43360296222
49450689517
96098941391
07146004132
74916334227
83698055240
63545492518
85618785083
42817324519
14124968791
17760794860
02158740055
40463630697
00085378542
37737270742
63599497551
29719345826
51287374754
60609351041
28687861754
97012343985
79617568119
30646237994
53784083841
60853942127
45071541332
26993200944
54078977693
82270898634
93589932729
78277725561
94943409465
89996151752
38020570376
65316438971
73596850578
07848634777
52718616982
27234326097
83121863487
06169100973
66467190521
65350632205
98318874725
45834228275
02191439259
55210104021
25893621391
00704051057
80269993582
07398786241
54766763076
03531404865
56428795425
34194951602
94686021255
92342947918
10626733469
98828768465
64866521670
31302725870
05999067182
17963634399
78730428597
54947137085
14918249135
97011866444
20245374206
53504980485
68300990752
61456345614
86777746956
24319726030
16709466887
16281756162
39090018224
31631310696
66728920561
32854516436
93615692538
74865987772
58689903087
49303681005
25335578214
82049774336
45209691844
05895932382
16509024605
43151364969
89049045060
44801561801
19369730241
52797897518
31037693356
20464663607
41756915037
53874602260
26311738659
36301064667
70510546054
89346658526
63510090685
29527403424
38383003934
55021619254
32386645469
40815098225
64726288666
33170994220
38924545693
14092127011
03900322496
29412456532
32252677507
76526550360
42727863560
69038147087
95832270440
22339087409
25372156474
85079700855
53934551398
54384183488
80683665547
05432733780
48651062769
41356937554
23082096438
47176090912
92589168649
44584040158
68398022314
12762899780
50706008826
14312324064
03538709669
62956681594
80514561973
33888463499
72979565005
85996195950
56402452318
81963643217
78025418101
39967182832
96848162895
90286314771
12602294118
90606897388
17075488099
30620814905
35637037975
53823116192
26111368173
51799160330
91806228873
28382806966
78970106550
04551928374
82670699585
71886876340
97202822644
33477623309
07338713264
92655326277
02523071912
21039777725
92231093986
96843800079
56269995882
99308449108
54546773381
58850190351
70671706294
46311876650
97363864767
54379701474
01740302320
92399597127
84148770051
02950360450
39439074742
35574719011
14357561491
73741157664
66906233005
90922630049
94833527439
81845750988
33282950937
57483236869
96010202098
17210395805
49004995828
67639311525
91972680039
91026278675
81490055172
97980872411
69462766948
72309186607
28290054161
07406968620
00103036179
25015102710
65227894777
68173136882
26086948920
27113238371
01465248656
27403615452
52635708895
36059757835
31284048801
04943308089
68604191063
48095430940
00014736568
46611307564
17764846961
10033744359
02033700037
50087322761
10925243577
59109326934
83875317847
74328384932
74433489102
30334466382
90413697143
06613656395
41018068532
56478531816
02345272292
56835083758
88191923371
24788455216
64208273027
59148571578
39996166054
39073714847
00988757570
22081915325
29697593706
92032976026
93865683369
68380538463
69107141627
94260372834
40418863135
30361049753
75739927138
88969292848
78026538034
53497723718
13213235096
03307241664
13633060247
18277579860
47064687322
37570695523
95336972738
58595555224
51414817919
67648963143
38727486397
59864712632
86354502582
06322438759
35608816189
05205839898
44073490082
30911546163
14773788656
23886359272
29402434926
11110136226
93725164040
75467545894
79426586969
28441052104
78298487240
97766867111
12461740438
06647658779
18357543251
62963093606
99618594050
25323695522
03707110642
34771652028
02309635623
56041006130
73242898225
00948969037
77417589304
91147857706
68658586914
46854118531
47514733941
88633550596
14436351301
23369194906
99156070455
17209180562
75913478706
56792624529
75475221238
46625173514
51393331653
56485124796
91519200417
02092381305
49748406307
00571387049
41992007164
89911841636
41036641406
65366770014
02524999791
71477516600
95274607729
