56
40
47
32
64
96
52
78
78
34
27
100
76
79
99
81
57
87
91
82
88
48
19
81
28
75
18
66
81
58
84
59
35
89
93
59
68
35
20
67
37
49
81
88
54
77
50
38
18
59
57
89
87
41
55
71
92
53
62
91
71
55
82
52
61
34
29
78
62
69
62
45
73
38
62
85
35
43
27
37
100
48
83
84
80
91
41
47
85
35
40
79
53
27
91
76
60
72
92
26
25
73
100
84
72
30
35
37
91
57
49
71
75
26
71
61
79
61
79
57
58
24
75
49
76
95
27
70
44
43
66
48
86
72
74
39
44
60
34
63
74
48
55
47
89
31
56
37
34
29
91
25
80
90
88
81
68
86
18
49
89
89
84
47
60
55
59
20
49
34
66
47
82
41
98
64
30
88
32
26
52
98
87
80
56
70
25
91
38
85
57
44
66
19
53
40
37
20
87
85
76
92
25
46
80
24
88
55
48
31
56
59
72
80
88
37
47
35
71
61
75
28
48
47
24
21
27
50
90
47
44
30
40
31
85
51
45
56
91
24
97
47
84
64
80
72
68
33
79
80
93
69
81
97
77
20
44
92
97
70
66
84
34
35
26
72
43
47
79
67
51
57
52
49
23
52
95
98
90
97
26
34
51
93
28
53
90
49
63
40
37
87
53
61
97
44
48
26
87
100
32
87
26
88
40
44
36
72
43
21
95
49
55
93
55
38
84
40
73
80
90
22
40
31
91
51
78
93
91
97
58
18
57
81
72
37
89
55
84
91
81
69
97
65
70
80
28
74
84
37
34
100
30
58
91
72
75
78
21
85
64
89
64
75
70
31
84
85
46
77
93
35
61
71
71
74
62
85
34
44
67
47
97
83
69
40
53
72
74
98
86
76
95
22
97
87
38
55
48
38
24
27
29
40
42
45
85
69
32
56
45
43
47
67
42
30
40
68
56
19
21
83
28
35
18
76
71
82
67
82
83
83
27
30
76
52
65
46
97
20
67
19
81
94
29
96
37
67
90
31
51
52
70
85
31
88
34
19
87
55
51
19
39
99
18
97
25
20
71
98
84
24
19
58
90
51
25
66
28
89
68
62
58
93
80
22
44
70
32
87
58
22
72
50
61
30
78
45
67
79
47
55
85
86
66
61
34
45
54
91
91
24
63
27
78
35
78
79
92
31
26
33
50
94
80
97
77
96
75
71
63
77
76
95
37
35
36
70
51
35
95
41
28
55
68
60
33
64
42
53
61
96
51
49
48
98
94
18
36
34
82
50
25
91
42
93
58
62
43
93
90
70
35
32
79
19
33
90
60
38
39
83
33
97
74
45
27
69
67
49
68
73
70
79
53
43
54
73
61
34
27
56
60
52
44
21
78
25
47
52
53
70
93
32
79
84
85
90
70
89
32
66
93
31
67
56
88
74
24
64
31
24
75
64
93
52
23
77
18
34
63
66
32
98
68
32
70
42
62
61
23
88
55
91
91
48
90
59
20
88
58
62
94
51
19
58
67
45
90
70
45
99
88
72
65
62
53
68
65
89
51
38
64
49
67
64
45
46
26
71
100
29
69
52
26
52
23
29
98
77
36
34
92
67
87
34
41
53
44
27
99
31
65
94
94
81
48
52
99
72
81
100
82
29
44
86
72
86
21
87
64
25
84
42
69
61
91
65
48
72
89
30
34
45
83
23
36
22
58
38
33
64
97
38
26
37
48
84
69
23
90
59
31
58
58
25
51
34
97
62
96
99
75
35
23
98
85
66
83
49
65
93
33
55
54
26
39
68
34
41
61
38
77
84
29
87
92
54
90
88
84
57
77
40
29
68
67
79
89
41
44
73
50
95
39
41
62
47
82
64
18
47
58
18
27
81
22
38
91
78
29
84
74
56
99
89
31
46
83
65
89
42
92
19
99
57
72
78
55
89
76
61
76
100
76
51
52
94
84
38
97
28
44
81
71
31
40
94
26
86
57
62
28
79
20
23
25
43
30
83
18
24
29
91
87
86
71
72
100
27
65
46
82
21
71
35
86
36
26
43
67
68
94
61
60
30
76
23
78
73
87
44
89
91
95
67
41
35
26
33
40
62
56
55
45
99
66
23
73
47
46
41
41
76
35
91
66
71
96
20
25
80
41
71
97
25
72
56
28
97
56
35
70
20
22
87
71
66
73
96
87
84
55
45
72
33
70
30
72
54
22
61
43
43
97
76
43
57
82
59
62
99
27
99
31
83
48
52
45
77
44
62
55
19
77
53
33
41
69
27
