43151364969;09557462780578
52255929608;49017477152232
83672784837;35310690152043
75948593679;92612886772221
38407190534;05890381387559
49158880383;78813420057792
17210395805;68923009124436
89136646910;28850154988792
58472564125;64473716763906
94943409465;59754784171414
84113980447;32472117650601
83150805714;14114598694395
54191287276;24140955444956
94442464716;74905774545910
10647355758;46532751173777
12413507200;45936379492212
21294013643;33919861994372
48095430940;94997832303998
33697575953;09535497597538
06225107228;02642871647837
94856517802;51782211631699
79709760671;72013920894553
69456535384;37955074738026
07433202181;07142699794207
94686021255;35520050845931
30620814905;96259033051568
22121745730;47008669893005
59947708264;34571264781151
75739927138;57102098541386
23434770185;60133318572744
59195205399;23594882894048
74916334227;56258922189477
29440037870;98575589875138
88287081993;69591047612444
08653043363;86488069091329
88793538093;81890431883566
32514417295;14568886088072
70386404233;82666201340740
26086948920;06288532322358
31918725851;84381833740053
26989223395;21559214192292
49138011457;54030583445071
99983586057;46216051257995
39650856019;82869768540528
28090236300;35788736297171
44219897595;95563275740197
56665732788;69895472806924
53874602260;91096287659440
73638963158;63715627598574
26026954346;63970578362812
33888463499;39356529206365
99306055551;41779656948522
02092381305;32693427529526
96098941391;64102330090826
13043125498;81497213462317
17764846961;16258792709411
44992608468;96299839076180
47340364804;69813658067051
00201196879;94188953085352
02523071912;99394458820617
86525135515;56711120944892
27837806693;36305227127827
41992007164;32936797043561
19369730241;18586513492626
38924545693;38361013429795
69107141627;32212659248852
28309803572;35135142710111
03671014986;03388018880514
33773264423;91493041925988
84730577411;48756944542710
22901476982;57608409425236
17400527049;42637181215883
66548746810;45233301915936
12433994136;81124049545562
50081564722;06146201354136
77037589109;14180445194411
16709466887;29806945912893
03307241664;81777209809741
21970254860;38137960859007
59759786008;06639743654569
66833408620;39283710990289
42144123150;07486773584187
40169970856;46721174078583
07848634777;83836014889363
55021619254;04598132075845
25015102710;03841329770548
70510546054;66475941360745
87342812947;85595115203589
52718616982;87737584533606
34229592525;92542035101879
53681368001;54574415365681
45152877749;99370062854980
62963093606;66908767201037
69311478526;40317037844796
53784083841;50067868203787
42080389075;03296222181581
48515259396;38237196974435
89067970617;30626635291880
14918249135;09229568078349
23322056046;50473466273641
97766867111;12807727406645
59109326934;27898252829185
31631310696;49413352167603
63749427979;71646272939488
66906233005;69167299617479
92056429850;93385742484526
33692405191;60272683811272
83698055240;28758862343166
24579534773;58220351128781
92589168649;44960636826684
19639847749;89909558620814
72327638817;49970283646599
62554025758;47329048282093
43360296222;18715737269785
54766763076;53145350674302
42817324519;37231483296610
36059757835;78388764269181
34215050201;39387960198789
05999067182;21225022578753
11788843914;56838467944892
53823116192;84610842181736
31896344908;00427236855169
37570695523;24801496380454
92231093986;92013223187432
36184935963;70739629123017
53497723718;25612507803812
96199134111;24046284341268
39975978596;12540660258879
79849736088;34068882989202
86777746956;03574615139554
76482652484;38692765898219
17075488099;42279199788151
20528591857;89116073994309
98261973292;43496827843292
30129609663;64180951721185
02345272292;44592469345066
92016906762;93514965866603
02070383547;20558203843945
96664382010;04049631122207
35122483976;19622966607779
16509024605;99024168810530
23678416206;92429788074798
43735414297;55096258421725
86354502582;39341776790530
45474887930;65188624736961
45209691844;99305740863537
56835083758;06150726046445
53705506131;55523533125738
58713450754;34496178584667
91147857706;98288239534342
02524999791;70051418215494
70671706294;06222344241227
30760711291;15365275613935
80453053248;32277352395282
66481501614;80838556447345
83092399348;16287542290544
24406188080;30480531033647
01465248656;37767237610660
74997421242;92040667056556
20464663607;58418426919023
92469243970;69398480643024
01121548682;30621647182464
35574719011;26251069649893
45122841236;15886760567824
19877011233;10245879072680
84419781605;94745088256097
31455629220;37892902189465
87576772107;01419355415284
98660948382;62202059301464
02191439259;51032516136066
52630629459;41247687405599
74061632766;50404444095181
42036102289;87007753054188
03531404865;68065020536914
28687861754;52571124434340
87005862646;10805172457069
51799160330;93483919951408
63393682397;49436465818062
05250971674;04696888808652
79877884976;55020498663592
79617568119;74564397573770
32045637842;14587838630639
46443567919;76493220120408
07425275639;83238691113092
78026538034;72587615753093
40691082332;77140508168890
64522135935;26565336019294
37737270742;57494463443566
19525995072;39261468469504
24788455216;36228527230115
85174997484;36601208962850
47514733941;95760022572202
91972680039;47002766102261
34001052135;05007651082536
51907312164;32490860421510
19026428193;41190322088136
02493286803;73073089991593
80001077590;75772643139814
18575269079;02447084950705
11397886100;13274462708169
61546427876;33057862257516
75081030541;10692199119916
68585265674;41895289823033
48651062769;76035528410155
97363864767;10850638994371
73242898225;02541289603556
07406968620;36002073894200
96149314206;92116787134734
02961090212;60314542241214
35176057375;68109007062085
67648963143;72130237738721
00988757570;47740578581058
69038147087;69242961355731
41756915037;01295140627855
83771870311;03701386264741
92364544237;26704046150393
98617758846;88583133039076
95181181845;63082915616443
18310157072;15464402202372
39544410782;36265748700853
50601100934;30946744272836
29527403424;09969526894975
55122835290;39271372488094
84266966898;15895847116859
66525571148;63641725033788
27234326097;04088518451813
04512807257;55415939607989
25262248593;49156450042375
43511904696;52259130661194
01636043568;70535843832522
89813553869;43428381237936
84148770051;26975767731104
93589932729;74832662448664
42917416074;52159081590235
54947137085;72680292758245
26993200944;38533080550165
18619589742;57550043064365
04705284698;13171926559732
51414817919;86578906527774
98447278112;03192578383245
05531068888;35871636029182
00103036179;36900220987151
10569973933;96545004916299
98318874725;66054022344689
30620944716;20975925410005
97564776269;56307279368317
81490055172;71188922921519
47781615605;92660570794221
84327292971;17679803742274
64991038584;10662035545438
