80683665547;85996195950
04240506625;35604284455
96098941391;22901476982
32514417295;55676816207
49705017910;00360572129
83672784837;95818319035
11397886100;72195951907
62628942628;30620814905
47949592153;33771740063
46854118531;30005304309
30334466382;39967182832
84430163678;97949080032
95181181845;19620789115
02158740055;06322438759
53497723718;39073714847
40883018811;28529275162
58689903087;70245439004
26311738659;79230976919
92032976026;13140716041
31896344908;66276468196
20140807136;71283694211
88399633714;33282950937
07000091383;47463224784
96098941391;84014039361
22387252911;60853942127
73895719277;67019167898
26850121042;64064523079
20098937131;90223115332
44679789103;56478531816
73242898225;16281756162
98617758846;89346658526
28687861754;89911841636
40463630697;75100060489
07146004132;25335578214
30620944716;14950432078
16047394488;46246917541
17075488099;34525025264
14794413711;30620814905
26026954346;94740024356
79940615090;43735414297
12821013753;30791136040
66276468196;48497480578
92364544237;30301849753
95978075362;14092127011
14554618806;42213697075
06169100973;07433202181
28539128616;03531404865
93986025048;94740024356
14501027544;00085378542
83150805714;85079700855
60308378231;11933711323
18565198365;65051006481
81845750988;09026225294
52664556896;85996195950
49158880383;16124382569
20098937131;72309186607
65227894777;03531404865
67558717362;03900322496
02158740055;25144002917
56485124796;28441052104
56233866008;28539128616
93946389002;63606954314
52407479623;23322056046
80453053248;50081564722
98660948382;56665732788
57825635979;62956681594
64726288666;45152877749
54882901529;96149314206
75097502306;13213235096
79849736088;56665732788
61546427876;31512176304
77580897766;25015102710
83672784837;99180508751
08385664497;63606954314
35759253722;83121863487
66864792719;23434770185
94740024356;59947708264
27721928741;53784083841
75254503671;68710127635
85277564497;51799160330
59355611977;24319726030
23488163341;54384183488
87657794032;66481501614
39946763584;20188093431
35176057375;19369730241
61728517097;54379701474
31115639803;58595555224
60083554575;03531404865
30194508265;19525995072
98750846065;07051732553
61728517097;68604191063
55210104021;65227894777
01060622850;56269995882
35176057375;95811260333
58385645704;06348379746
73895719277;35975729643
11785248807;94686021255
09203731628;16310914340
52231180728;81963643217
31631310696;52171989225
19026428193;25372156474
14312324064;92589168649
12461740438;96022746567
10521671081;25144002917
38025266035;94442464716
88243319282;40106478425
69311478526;78298487240
72275394632;01673994425
75946874994;72979565005
52187067076;62199444696
35637037975;11397886100
89346658526;01484789632
96843800079;80269993582
89911841636;40815098225
97012343985;76712499105
20242377746;76526550360
40134335114;73117911242
42036102289;92399597127
44992608468;35608816189
79940615090;03307241664
24406188080;06901334367
07000091383;41674003961
51287374754;33587683400
05205839898;52630629459
95818319035;92622881738
13043125498;12433089646
55210104021;02092381305
35975729643;71557759274
53705506131;17075488099
90642640883;54384183488
81894367843;13080475957
68300990752;38383003934
30072221937;82921817659
00120418470;98447278112
07360404935;14672648897
54947137085;26086948920
80269993582;43681893746
78298487240;14950432078
54800490916;29331596947
44992608468;20140807136
74374626170;02309635623
93503455398;56233866008
99983586057;68585265674
00704051057;85618785083
76526550360;05008745421
74865987772;19588706753
81845750988;51287374754
92501203799;93946389002
21970254860;88399633714
33405683926;53277743005
41674003961;51762741125
12848722171;81894367843
52255929608;38432935332
01636043568;27934112470
77693913340;62963093606
82351024593;40691082332
01894798962;62956681594
31037693356;52171989225
95832270440;00143229829
38025266035;16047394488
23082096438;93946389002
12762899780;30005304309
28302000686;91806228873
57944739458;97949080032
18575269079;00014736568
83672784837;94260372834
53497723718;14602459698
48500303962;24023975936
59211034060;57483236869
69847144262;93657581378
46651701581;43851646421
99579399046;91519200417
62628942628;00704051057
94840525697;01060622850
30072221937;02158740055
16310914340;64756709651
10626733469;22030490147
38924545693;46611307564
84148770051;86886277229
38750451972;91550799640
37570695523;48629190946
32901813581;30005304309
75475221238;25262248593
91638891495;33587683400
01636043568;30646237994
78277725561;38067126724
50706008826;31037693356
96664382010;19588706753
28693327297;06407352317
53681368001;47514733941
68300990752;28441052104
35604284455;21170064577
74328384932;89330619257
28985245384;85174997484
48856144342;06169100973
38059085793;38020570376
47297963317;41018068532
35723041167;35975729643
11397886100;46311876650
91550799640;00273766566
44801561801;85605808173
08653043363;21214296094
26111368173;07000091383
82049774336;78970106550
34001052135;73799139764
88793538093;06169100973
96199134111;12762899780
38924545693;33170994220
35122483976;68871950571
18277579860;22081915325
87085075564;32407824586
90642640883;58689903087
01465248656;89675937915
49705017910;47949592153
80859271910;30301849753
76482652484;62963093606
42213697075;80683665547
39237911855;28693327297
14092127011;10925243577
08385664497;12413507200
92231093986;75948593679
48856144342;02309635623
70754824022;33282950937
48629190946;72275394632
64015898870;93258163108
31631310696;48629836624
61086591556;02861091338
55351560898;39650856019
53609244186;53597017717
27206864653;11131234712
17193476542;29527403424
66795964790;79849736088
42213697075;52630629459
64064523079;04943308089
64866521670;06948258194
21012147231;28236312336
79991603929;21039777725
68398022314;91806228873
62997238943;22339087409
14510207922;89067970617
43063341639;49542682138
17209180562;34275739923
90642640883;18619589742
01636043568;75100060489
06116269845;03437228006
75100060489;32407824586
86886277229;52407479623
12848722171;02070383547
52255929608;93258163108
77092790668;72309186607
44694935882;27403615452
86982144631;74433489102
92032976026;13203574881
22081915325;96022746567
51783180768;63545492518
55021619254;96539102378
32252677507;23678416206
49705017910;83672784837
05205839898;95274607729
45474887930;13633060247
91261450184;64015898870
44801561801;48629190946
97753636154;52718616982
35723041167;57483236869
05250971674;50601100934
27234326097;11131234712
32407824586;20188093431
53609244186;66833408620
12155798064;40134335114
53823116192;69456535384
35574719011;94260372834
28687861754;67639311525
26560700193;66728920561
43511904696;73741157664
05999067182;49138011457
76526550360;95274607729
89675937915;98261973292
78298487240;41927357636
87289536210;44219897595
77693913340;58713450754
99983586057;98617758846
47949592153;66467190521
05743440723;10299526887
95832270440;26138024926
76482652484;91972680039
22323732732;12848722171
80732349955;60853942127
19620789115;64208273027
00571387049;83150805714
57217190427;44584040158
89049045060;60582540865
69311478526;79940615090
45071541332;00103036179
93657581378;41927357636
85924833337;20098937131
00502858810;99156070455
71886876340;93589932729
29402434926;85605808173
05968928033;56041513170
54191287276;65316438971
32386645469;06407352317
91550799640;29719345826
61086591556;70510546054
78448171884;21214296094
74433489102;14561033388
40134335114;53823116192
81172992530;51393331653
58713450754;16281756162
70454569202;73684692788
42036102289;02523071912
53497723718;64015898870
64015898870;26362514643
00948969037;92730758815
96848162895;03542647469
68300990752;22277981641
49450689517;77392746180
02861091338;88969292848
52911356473;63481109437
92231093986;00133050959
28985245384;03029637840
78970106550;65065556349
88969292848;60295564267
73741157664;88969292848
28236312336;94260372834
00988757570;38342330653
96848162895;54947137085
94392214085;89899162301
51887086989;03333090861
90223115332;60742934388
91806228873;15879580107
51393331653;34229592525
69462766948;66525571148
00948969037;14124968791
39222752853;66833408620
77000720631;90922630049
01806077965;35604284455
61662100433;06291434398
56478531816;30791136040
39222752853;41018068532
02345272292;52630629459
30620814905;41356937554
65227894777;51799160330
62554025758;55122835290
82670699585;69847144262
97011866444;96098941391
77092790668;24300251858
59759786008;79849736088
18973798224;65350925475
59947708264;64015898870
27206864653;32407824586
94686021255;84014039361
84730577411;84430163678
14474238663;05743440723
46443567919;66928302932
19639847749;47463224784
40691082332;97866463891
42917416074;13213235096
81490055172;44679789103
49004995828;23910752543
41674003961;81172992530
54384183488;11788843914
66548746810;22323732732
06169100973;29929705421
19369730241;68398022314
53277743005;89996151752
38438801842;90223115332
79218969465;01673994425
22030490147;15879580107
79814254511;09203731628
99983586057;49962592855
02524999791;01484789632
65065556349;44694935882
65350632205;25372156474
68585265674;74997421242
28090236300;10299526887
06407352317;89899162301
39996995982;03531404865
06407352317;89136646910
64208273027;88287081993
47176090912;29440037870
08635392399;92469243970
77392746180;18973798224
73741157664;27064242433
00502858810;32854516436
26989223395;94856517802
51799160330;16281756162
17764846961;65350632205
11891039422;99579399046
30301849753;95274607729
94903713133;02191439259
72844937294;66481501614
56428795425;46443567919
61728517097;27403615452
54191287276;99156070455
96044788121;89911841636
31631310696;14012443304
47340364804;53874602260
09691417801;73117911242
46394439260;79218969465
36301064667;63606954314
23678416206;87597241581
81039908492;43681893746
97949080032;65350925475
63190103143;02861091338
77000720631;58689903087
60323684225;13133288243
99180508751;79617568119
24788455216;48856144342
03671014986;20322662885
83698055240;56188507958
90606897388;38754606796
89067970617;73638963158
73799139764;44589610738
39544410782;49705017910
39975978596;16310914340
89067970617;18277579860
74496539049;30334466382
91638891495;23678416206
08212614292;89996151752
42144123150;51103164963
18575269079;90606897388
56485124796;56665732788
01806077965;05828112119
22277981641;54499271236
64756709651;20140807136
18277579860;44219897595
33771740063;64991038584
02309635623;09203731628
46311876650;32252677507
89136646910;85924833337
35968616470;52664556896
96149314206;52231180728
08397840002;43997191299
41927357636;52797897518
68082591994;30620814905
49004995828;21970254860
39889960204;66525571148
42727863560;62199444696
12848722171;62199444696
06225107228;43151364969
14918249135;31302725870
94260372834;91253619899
40134335114;60295564267
14474238663;54499271236
54499271236;28985245384
66340987934;17963634399
52187067076;80683665547
82270898634;68173136882
23434770185;30129609663
29527403424;38727486397
64317596931;53504980485
70604586371;00360572129
17760794860;99180508751
23678416206;92231093986
69456535384;62628942628
91026278675;65316438971
47781615605;09691417801
59195205399;03671014986
39889960204;15879580107
22323732732;83672784837
05205839898;26691389030
44225901649;31896344908
27234326097;24023975936
00103036179;23434770185
53823116192;03437228006
79814254511;90922630049
26086948920;49303681005
39291515944;85599353443
81172992530;71067716605
13043125498;38342330653
93615692538;21656228313
00497336783;94686021255
89067970617;97564776269
44219897595;01465248656
53823116192;02694558566
14192494134;12307124472
96044788121;47340364804
68173136882;33282950937
26026954346;19639847749
68398022314;64317596931
99180508751;61086591556
70513537969;01460968304
29412456532;12413507200
69767576451;06319232999
31918725851;00988757570
75948593679;20086428412
33060454666;37737270742
10033744359;90606897388
86354502582;22901476982
83771870311;41992007164
52171989225;65344270250
81894367843;72327638817
98660948382;07490143775
74496539049;48856144342
47064687322;75081030541
40134335114;51103164963
87039829262;31115639803
61662100433;73895719277
59211034060;35608816189
13071520702;69663825292
78025418101;30207092717
54800490916;50231281091
28074822036;30220513969
69157179239;11131234712
58472564125;42080389075
33718090596;39222752853
85912388011;31037693356
92730758815;08397840002
48497480578;92015303748
28441052104;51393331653
02309635623;52718616982
22323732732;41992007164
32386645469;16509024605
46246917541;98262325236
46885980341;14436351301
88191923371;59759786008
94686021255;00014736568
42817324519;55322981957
03132895254;69107141627
80514561973;99331246163
10872332618;13633060247
09691417801;69107141627
36184935963;39544410782
03437228006;06348379746
26138024926;24857269519
01806077965;91972680039
17193476542;96848162895
81172992530;28309803572
53504980485;66928302932
84730577411;64317596931
06291434398;03333090861
61546427876;06322438759
63510090685;31896344908
41756915037;87576772107
22323732732;92231093986
74496539049;68997598308
56792624529;67648963143
45834228275;57065122391
38407190534;62997238943
60609351041;31455629220
79814254511;39946763584
56562296842;83820138875
28302000686;12890291686
12461740438;02191439259
61824488801;23678416206
74865987772;03707110642
05895932382;93946389002
92231093986;38025266035
07425275639;47949592153
13203574881;47463224784
78730428597;84152041910
00948969037;88191923371
50081564722;05254860736
25262248593;33587683400
03437228006;09691417801
32514417295;47340364804
22901476982;28290054161
73895719277;18619589742
30301849753;14554618806
32854516436;01465248656
48130566236;34001052135
56792624529;08385664497
61824488801;86525135515
06169100973;17760794860
18357543251;71533979784
98447278112;05254860736
88110448096;89899162301
21170064577;77881518320
13140716041;11551849822
63599497551;99698707134
79877884976;94442464716
30194508265;14357561491
93986025048;05957829086
52718616982;28074822036
85912388011;06901334367
75475221238;07406968620
03900322496;26993200944
19026428193;46394439260
03366725419;11891039422
59109326934;70513537969
96238548373;52187067076
24579534773;23082096438
24857269519;84419781605
10569973933;73117911242
73251347011;39291515944
84472661418;13140716041
87576772107;30646237994
96238548373;68380538463
13213235096;28687861754
66467190521;64927526022
42213697075;30620814905
92056429850;52911356473
44589610738;64015898870
59947708264;34215050201
14357561491;95274607729
17760794860;60582540865
70671706294;88793538093
95274607729;16124382569
13203574881;29412456532
14192494134;13071520702
13633060247;75739927138
80570933249;06613656395
49962592855;01636043568
02070383547;47949592153
12433994136;80570933249
65344270250;13633060247
17400527049;38879148046
54766763076;65350632205
65344270250;40418863135
44992608468;39946763584
31896344908;34756823502
23434770185;76161734929
33771740063;06948258194
27234326097;98617758846
09344545042;60609351041
54617775323;28074822036
54384183488;00273766566
17556130391;91972680039
56485124796;19620789115
68871950571;51393331653
40815098225;67639311525
66548746810;89136646910
92501203799;25893621391
16047394488;92016906762
01962426665;71283694211
28309803572;20464663607
05250971674;70026625978
98447278112;54882901529
14192494134;96044788121
10925243577;33771740063
43063341639;68480136701
99180508751;12890291686
33587683400;43063341639
42213697075;56188507958
40691082332;09461822948
00133050959;92469243970
32407824586;44589610738
11785248807;20140807136
27721928741;42455527060
30334466382;35574719011
86525135515;77392746180
00014736568;18619589742
26691389030;20464663607
52034369532;81845750988
14554618806;26138024926
33170994220;53281447695
19877011233;52171989225
83875317847;13140716041
86886277229;11110136226
07225321050;56233866008
85996195950;09692433564
30072221937;93986025048
59355611977;72844937294
66481501614;53597017717
13633060247;68871950571
39544410782;00988757570
33587683400;83698055240
78025418101;69847144262
88793538093;64756709651
23488163341;29243540426
42917416074;00103036179
43063341639;40134335114
76161734929;25015102710
41927357636;41992007164
34275739923;05250971674
71856741233;89737603871
29402434926;02524999791
51287374754;47064687322
38377488076;07433202181
07425275639;28090236300
17193476542;96238548373
94442464716;57190529022
06225107228;53277743005
38020570376;33718090596
14357561491;49380143755
12602294118;21294013643
47340364804;29929705421
23488163341;64866521670
09203731628;77693913340
75254503671;51103164963
31494547186;44679789103
67639311525;95181181845
44584040158;20242377746
09344545042;96435450713
17767141899;74328384932
22277981641;71477516600
88399633714;50231281091
00988757570;94392214085
92364544237;07338713264
28074822036;14501027544
50706008826;28985245384
42080389075;39996166054
14918249135;30646237994
99126114966;45209691844
38407190534;72038562864
67558717362;16509024605
70604586371;04943308089
41992007164;52664556896
04336223992;22901476982
50087322761;59109326934
53504980485;53281447695
76791982007;38754606796
39996995982;77037589109
56402452318;19877011233
71557759274;81845750988
65874550208;26989223395
06319232999;65065556349
12307124472;17400527049
26989223395;39889960204
54882901529;72038562864
96010202098;06319232999
05239560825;38432935332
19525995072;03437228006
67639311525;69802880597
77417589304;23434770185
58385645704;79617568119
80683665547;45209691844
07848634777;78277725561
08212614292;33587683400
26178550837;83820138875
01962426665;42455527060
92399597127;45834228275
20233109575;40463630697
54499271236;48629190946
84430163678;46394439260
28441052104;23910752543
54499271236;05968928033
05250971674;12602294118
89899162301;94903713133
75467545894;65874550208
26311738659;07882972088
75946874994;20140807136
20188093431;46311876650
23434770185;65366770014
17400527049;01962426665
53504980485;27934112470
18481639913;07338713264
27243984824;05743440723
38750451972;02033700037
92399597127;53934551398
17210395805;96149314206
82548584470;26311738659
28529275162;75254503671
42727863560;36354295078
55351560898;10033744359
24406188080;26993200944
85912388011;03437228006
33912640110;88793538093
40815098225;74061632766
56269995882;63545492518
91026278675;01550827060
87085075564;28539128616
08635392399;86886277229
65913170790;38438801842
91519200417;51103164963
23678416206;52630629459
90828076769;00502858810
62199444696;39975978596
94840525697;47514733941
64927526022;18310157072
65696181865;51393331653
94740024356;42727863560
29719345826;27967485388
89996151752;09324637447
52187067076;43997191299
04512807257;44219897595
38754606796;49962592855
75946874994;53497723718
07406968620;94903713133
17556130391;59864712632
33718090596;77881518320
16509024605;69456535384
96539102378;02345272292
45209691844;38407190534
03531404865;56832684791
56188507958;65227894777
75081030541;70510546054
62963093606;00014736568
05250971674;90642640883
82670699585;21214296094
91147857706;75081030541
21294013643;93657581378
49962592855;38383003934
89813553869;27934112470
52797897518;91026278675
93589932729;35759253722
22339087409;64522135935
14602459698;84266966898
94903713133;65051006481
73251347011;82548584470
52034369532;25620248454
83674688905;02861091338
39996166054;78448171884
68380538463;65227894777
96022746567;28074822036
05828112119;27064242433
38059085793;29929705421
21012147231;84814790982
97564776269;91519200417
05250971674;88287081993
34525025264;70513537969
00360572129;39237911855
23559792606;40815098225
75913478706;51887086989
95811260333;51762741125
84148770051;38750451972
00688210921;07338713264
17210395805;99306055551
26138024926;52171989225
12821013753;12433994136
10872332618;84419781605
64756709651;07360404935
01673994425;13043125498
73741157664;81894367843
59109326934;50087322761
34525025264;08653043363
24319726030;46611307564
99156070455;58713450754
56269995882;65227894777
06901334367;87289536210
31115639803;60609351041
07360404935;07000091383
10569973933;05957829086
03307241664;38432935332
55322981957;45834228275
89911841636;98729115783
27113238371;14602459698
00571387049;57483236869
31115639803;39327964726
43997191299;73596850578
91638891495;05250971674
95350598590;58713450754
49004995828;55676816207
11241853333;84113980447
58850190351;42144123150
69462766948;39327964726
40463630697;19549945977
93946389002;94227084563
28382806966;02883176916
86525135515;93503455398
71283694211;69462766948
75100060489;03538709669
01550827060;53504980485
14124968791;63606954314
59355611977;07490143775
85996195950;62554025758
13080475957;70510546054
50105343702;26178550837
74916334227;90642640883
74865987772;61456345614
28687861754;48515259396
75739927138;99618594050
95350598590;72979565005
64317596931;61546427876
11933711323;58689903087
74997421242;31302725870
74328384932;86180365149
26993200944;23910752543
03671014986;00704051057
06348379746;66476242237
03531404865;41018068532
38750451972;68871950571
53823116192;71283694211
01484789632;02493286803
84327292971;59864712632
88399633714;79230976919
83698055240;77037589109
84814790982;31896344908
14773788656;59133200489
07338713264;89136646910
54800490916;48515259396
13071520702;40691082332
05743440723;38754606796
52630629459;55162553121
07360404935;69663825292
14672648897;74916334227
68300990752;41927357636
99276407112;33697575953
03333090861;19369730241
54078977693;29402434926
74997421242;53609244186
61442735260;42727863560
89346658526;02883176916
51783180768;15879580107
82091694888;99276407112
52911356473;52407479623
94740024356;61042770499
56693151237;91972680039
45209691844;24300251858
65065556349;26850121042
26111368173;84152041910
14357561491;53934551398
03366725419;14794413711
42036102289;79230976919
87657794032;14357561491
70454569202;43511904696
12155798064;66548746810
44679789103;42080389075
30194508265;66525571148
08653043363;35968616470
68871950571;56041513170
56041006130;30005304309
68082591994;95274813332
64208273027;31455629220
39237911855;66795964790
96843800079;84152041910
09691417801;65344270250
56269995882;65344270250
25620248454;24406188080
13633060247;33773264423
81490055172;13043125498
73895719277;65350925475
84152041910;44073490082
41756915037;19877011233
44073490082;38067126724
20098937131;00201196879
96238548373;60742934388
92056429850;38924545693
75913478706;02694558566
27243984824;26138024926
74916334227;31918725851
03542647469;68480136701
48856144342;88633550596
28090236300;06613656395
41674003961;34771652028
65350925475;45122841236
03531404865;01460968304
33912640110;22705607992
14474238663;42917416074
24300251858;02493286803
32901813581;75254503671
52231180728;66467190521
26138024926;02861091338
21170064577;91806228873
96199134111;49380143755
60609351041;07360404935
33170994220;47176090912
06647658779;00704051057
32386645469;36354295078
66467190521;21170064577
82091694888;73117911242
96238548373;24786493585
97363864767;31115639803
54766763076;62956681594
71856741233;44992608468
23434770185;28290054161
05531068888;89899162301
54191287276;03029637840
27206864653;85599353443
69157179239;93615692538
91261450184;48629836624
48651062769;73251347011
31512176304;37737270742
32407824586;94740024356
29719345826;32045637842
93865683369;94903713133
20086428412;86525135515
60295564267;28309803572
29243540426;60609351041
00988757570;03538709669
68604191063;74061632766
55676816207;52199461290
78026538034;52718616982
89346658526;48651062769
77693913340;61546427876
28693327297;61244077386
56832684791;39975978596
29412456532;47297963317
34001052135;33888463499
23434770185;61905737921
79617568119;94686021255
94392214085;32386645469
59759786008;84814790982
88969292848;97980872411
34756823502;41927357636
11933711323;38342330653
67558717362;18619589742
61456345614;65696181865
62997238943;75946874994
27113238371;17556130391
53681368001;39975978596
54499271236;64522135935
06116269845;12762899780
63749427979;72275394632
85605808173;69847144262
00273766566;52171989225
11131234712;49303681005
79991603929;85996195950
03707110642;40691082332
90606897388;75097502306
97766867111;01465248656
02523071912;14474238663
32514417295;01673994425
49705017910;03538709669
02070383547;81894367843
11110136226;42817324519
75100060489;01673994425
85277564497;96843800079
34194951602;69038147087
58580135125;67648963143
54499271236;39237911855
31302725870;29402434926
92342947918;99983586057
26026954346;73251347011
53681368001;47463224784
27234326097;91253619899
01484789632;14773788656
55351560898;08653043363
10872332618;57065122391
13048050170;20233109575
66467190521;48095430940
65696181865;63599497551
73638963158;86180365149
63393682397;38407190534
49380143755;67558717362
00988757570;94840525697
02861091338;19989190849
66906233005;13203574881
41927357636;16310914340
39996995982;28893604308
84671007720;94943409465
77037589109;65316438971
64866521670;84472661418
23886359272;94943409465
20188093431;42080389075
49450689517;65065556349
04070175409;89067970617
44584040158;36301064667
06348379746;83674688905
11551849822;80453053248
52911356473;89911841636
81894367843;59195205399
41756915037;11131234712
38438801842;21214296094
00273766566;25893621391
84148770051;13043125498
89346658526;96010202098
73684692788;97949080032
02883176916;81039908492
95978075362;84113980447
07433202181;78026538034
89049045060;53784083841
99618594050;81490055172
51103164963;09344545042
96714225053;81544546147
74865987772;90642640883
52995634119;23322056046
65065556349;82270898634
45152877749;96010202098
56428795425;62554025758
94903713133;56832684791
01484789632;78730428597
74916334227;90922630049
73251347011;66765408452
95832270440;52797897518
39996166054;34275739923
28693327297;02191439259
34756823502;39439074742
40418863135;72844937294
97980872411;13043125498
93503455398;21294013643
14124968791;42727863560
51103164963;68480136701
41927357636;68658586914
72309186607;52995634119
28382806966;33477623309
92056429850;66694923071
60323684225;73117911242
00014736568;90922630049
87342812947;01060622850
97400055251;02523071912
38754606796;24042982662
80570933249;55210104021
90642640883;49004995828
27837806693;82548584470
63599497551;42213697075
93865683369;52797897518
07882972088;89330619257
87005862646;51783180768
86180365149;48130566236
73684692788;27837806693
06169100973;27721928741
66481501614;03531404865
28693327297;84327292971
91550799640;28441052104
08635392399;96149314206
46885980341;39327964726
80732349955;69462766948
52664556896;53609244186
69462766948;80453053248
86180365149;26989223395
35637037975;92032976026
85912388011;38432935332
96714225053;86886277229
33170994220;65696181865
85277564497;30361049753
66481501614;65227894777
56832684791;17051514952
34572516905;14501027544
22339087409;27837806693
00360572129;02158740055
18481639913;64015898870
63545492518;44589610738
96238548373;00704051057
51783180768;30194508265
29697593706;77881518320
77392746180;71067716605
77392746180;48629190946
97949080032;73596850578
66795964790;03707110642
92032976026;99276407112
93725164040;51287374754
14950432078;77392746180
88633550596;50706008826
56562296842;31115639803
40463630697;85605808173
91638891495;09026225294
41756915037;98828768465
80373604239;53597017717
75739927138;12821013753
93258163108;46885980341
06291434398;94840525697
81894367843;53681368001
27934112470;96539102378
16310914340;44679789103
13423802957;43151364969
18565198365;89737603871
03900322496;18967298811
99156070455;60667441304
82091694888;94227084563
61042770499;89330619257
64317596931;96098941391
08385664497;81845750988
29527403424;14474238663
84730577411;48130566236
09691417801;38377488076
32291557677;95274813332
18956035269;19620789115
03132895254;54617775323
99306055551;62176845622
66864792719;42817324519
57483236869;75948593679
49962592855;05432733780
06587883301;63510090685
26989223395;64317596931
35604284455;47176090912
88793538093;56792624529
30220513969;99983586057
49450689517;74374626170
05743440723;02694558566
92469243970;45122841236
98261973292;56693151237
02524999791;21656228313
05968928033;25335578214
13557260193;07406968620
97564776269;37570695523
35176057375;19369730241
01740302320;70454569202
77693913340;13557260193
02070383547;72327638817
79617568119;26850121042
66467190521;69802880597
36301064667;43063341639
43151364969;97866463891
87657794032;13213235096
56097280071;12602294118
14918249135;58595555224
52187067076;83771870311
97949080032;07398786241
99306055551;83875317847
35973639894;39090018224
31918725851;08385664497
18277579860;34525025264
66833408620;10299526887
62176845622;08385664497
89813553869;97866463891
35604284455;21656228313
09324637447;41992007164
68380538463;02345272292
92711192025;07433202181
13071520702;51799160330
65874550208;96435450713
75605238712;63599497551
92342947918;16281756162
90223115332;26362514643
80570933249;63481109437
71283694211;82548584470
29929705421;14501027544
70754824022;46885980341
44801561801;10872332618
28309803572;90286314771
02309635623;99276407112
99180508751;68380538463
04943308089;12762899780
18956035269;46854118531
69038147087;38342330653
90286314771;06319232999
07882972088;56485124796
89346658526;04551928374
59109326934;28309803572
42036102289;94227084563
75475221238;47463224784
18481639913;31284048801
59947708264;21214296094
69663825292;56269995882
84814790982;75946874994
39996995982;80514561973
92655326277;32252677507
94392214085;66548746810
20528591857;06116269845
87039829262;85924833337
30791136040;39544410782
70754824022;55162553121
85618785083;70510546054
22339087409;22081915325
63481109437;36354295078
84472661418;98750846065
62997238943;46885980341
74433489102;02883176916
13071520702;06319232999
15879580107;81544546147
26850121042;82049774336
50994800472;04430432003
57190529022;46311876650
89996151752;51783180768
04943308089;58580135125
28693327297;87005862646
95811260333;67639311525
28539128616;19369730241
51103164963;75100060489
27403615452;80683665547
86573702618;92342947918
88243319282;99276407112
77392746180;31512176304
38727486397;16047394488
54947137085;50231281091
32386645469;04070175409
89911841636;98617758846
68398022314;02309635623
34771652028;41036641406
86525135515;69456535384
16539945341;56792624529
23559792606;88399633714
02961090212;06225107228
01484789632;25335578214
56233866008;86354502582
17051514952;08662448706
66833408620;81544546147
52187067076;24042982662
16509024605;56478531816
42455527060;63190103143
66765408452;18956035269
02883176916;16124382569
85912388011;59195205399
58595555224;10033744359
02883176916;82351024593
40463630697;66864792719
44679789103;68300990752
44225901649;95832270440
95832270440;22277981641
66694923071;28236312336
84266966898;14807871214
13557260193;70245439004
32514417295;42213697075
53874602260;54384183488
33282950937;03542647469
33060454666;00502858810
43063341639;24042982662
37570695523;43151364969
99308449108;12821013753
10626733469;59211034060
97202822644;54882901529
05828112119;01460968304
56478531816;92655326277
87657794032;13043125498
68173136882;88110448096
02883176916;01962426665
49542682138;70026625978
48095430940;07360404935
21970254860;27064242433
82670699585;00688210921
87053204049;56233866008
50105343702;98750846065
12433994136;67648963143
03366725419;47176090912
44992608468;53597017717
85924833337;95811260333
39544410782;26026954346
14773788656;49542682138
81039908492;60582540865
20098937131;68997598308
35759253722;30129609663
09344545042;86354502582
73684692788;72844937294
89996151752;01121548682
97949080032;78448171884
63510090685;29440037870
39650856019;56665732788
79218969465;93503455398
66340987934;89675937915
80683665547;83672784837
15879580107;67558717362
94740024356;62199444696
39073714847;84671007720
53497723718;95832270440
98729115783;61546427876
00201196879;58850190351
25144002917;24786493585
66694923071;00704051057
54546773381;98729115783
11241853333;07338713264
20528591857;33718090596
08397840002;31918725851
31494547186;96238548373
12207505397;80732349955
31512176304;99983586057
73741157664;26989223395
46854118531;49405416180
09026225294;69107141627
26138024926;55322981957
52664556896;39946763584
52407479623;27721928741
14312324064;33773264423
97400055251;92032976026
64756709651;71283694211
26178550837;94442464716
06225107228;72195951907
87597241581;47172495053
33405683926;18565198365
53497723718;17051514952
31455629220;07360404935
19369730241;38407190534
87576772107;83672784837
30129609663;96435450713
49380143755;20263536813
90828076769;32854516436
90413697143;56428795425
65696181865;30129609663
82921817659;48130566236
38383003934;12890291686
03707110642;45834228275
90922630049;50231281091
91638891495;71067716605
42036102289;48130566236
00143229829;87053204049
25893621391;33170994220
80001077590;74997421242
95832270440;48500303962
26178550837;12821013753
68997598308;18956035269
62628942628;43735414297
85618785083;20245374206
54191287276;60609351041
59947708264;54078977693
10872332618;69462766948
03366725419;05432733780
47463224784;93503455398
93865683369;75467545894
68173136882;66340987934
68480136701;97564776269
19877011233;97012343985
92016906762;71557759274
84730577411;86982144631
61824488801;41356937554
85174997484;66833408620
00360572129;91550799640
88399633714;65316438971
27234326097;71533979784
96787115152;83698055240
05828112119;25323695522
02309635623;92016906762
61244077386;58595555224
70026625978;14357561491
39090018224;16539945341
57523125036;41674003961
19369730241;68997598308
89330619257;81172992530
01465248656;99308449108
89899162301;71283694211
07338713264;62176845622
12602294118;49138011457
66340987934;03900322496
87597241581;35973639894
18575269079;98447278112
70510546054;68480136701
88287081993;25481595545
83150805714;60308378231
98318874725;61662100433
53934551398;25015102710
58580135125;50601100934
09691417801;34215050201
96787115152;88399633714
80453053248;92622881738
43360296222;41674003961
39222752853;59148571578
63598483456;22081915325
50601100934;85079700855
03542647469;79134793072
70513537969;38407190534
75475221238;63749427979
95811260333;66481501614
77392746180;34525025264
68380538463;87657794032
30620814905;66276468196
32252677507;98261973292
06407352317;60742934388
19525995072;56832684791
40691082332;01806077965
20322662885;28290054161
44992608468;31896344908
25144002917;80453053248
22339087409;85912388011
69462766948;40691082332
99704534481;83698055240
11891039422;21294013643
89067970617;46611307564
37737270742;35122483976
81172992530;01636043568
84671007720;28693327297
27234326097;66728920561
80570933249;03531404865
45152877749;52630629459
14357561491;14672648897
85599353443;26560700193
50994800472;97011866444
20098937131;52199461290
06613656395;27934112470
06169100973;20642528549
99306055551;51287374754
82049774336;12413507200
56562296842;60083554575
30207092717;39291515944
99618594050;28539128616
71886876340;92622881738
33692405191;16047394488
86354502582;27934112470
84148770051;84419781605
95274813332;82548584470
02861091338;88633550596
85079700855;46885980341
55422483638;20098937131
26691389030;96664382010
95350598590;51287374754
73596850578;27234326097
35122483976;13633060247
98750846065;43151364969
94856517802;46854118531
46651701581;07882972088
69311478526;18140525967
79230976919;22901476982
71283694211;67019167898
06291434398;31918725851
23322056046;45209691844
68585265674;18277579860
53609244186;76396534956
56402452318;13633060247
05254860736;84430163678
71886876340;01806077965
62956681594;05205839898
00988757570;69847144262
07425275639;08397840002
54546773381;45122841236
51287374754;94840525697
86777746956;24579534773
17963634399;47949592153
66548746810;96539102378
06348379746;48500303962
38498792086;79814254511
45152877749;00497336783
54617775323;63599497551
12890291686;42455527060
64866521670;40134335114
63598483456;99704534481
69847144262;28309803572
35604284455;01460968304
18310157072;78730428597
23488163341;45152877749
07398786241;69311478526
98828768465;68082591994
00948969037;88399633714
58385645704;89346658526
44694935882;17767141899
86573702618;47463224784
79849736088;59148571578
17209180562;97766867111
32514417295;70026625978
31037693356;14602459698
58595555224;90922630049
66694923071;88633550596
14807871214;94833527439
84152041910;24786493585
47176090912;30194508265
70671706294;44073490082
64866521670;34572516905
85599353443;48497480578
28302000686;93657581378
97012343985;56478531816
75097502306;20188093431
56832684791;44992608468
20263536813;23488163341
79709760671;59195205399
30620944716;92016906762
89911841636;55162553121
49004995828;49303681005
89067970617;96787115152
88243319282;22030490147
22387252911;26993200944
24042982662;66765408452
97753636154;87576772107
66467190521;78277725561
79877884976;90642640883
27837806693;11785248807
82091694888;59355611977
89330619257;39090018224
56402452318;35973639894
95832270440;90286314771
38754606796;33771740063
95818319035;56832684791
68480136701;96787115152
66481501614;03707110642
13140716041;92501203799
17075488099;89996151752
33912640110;01465248656
39975978596;59355611977
68585265674;85996195950
56233866008;77417589304
70510546054;76161734929
43360296222;53681368001
19549945977;08662448706
49944726471;74865987772
05957829086;66481501614
65227894777;34771652028
34771652028;42036102289
65777438242;65522284024
53497723718;26138024926
57944739458;19369730241
08635392399;23369194906
40099341183;92469243970
59109326934;12155798064
40169970856;05239560825
59195205399;92342947918
43360296222;97011866444
65065556349;82921817659
85912388011;40691082332
01636043568;26560700193
38754606796;38498792086
07225321050;98318874725
03538709669;26311738659
86354502582;31494547186
34525025264;95978075362
39439074742;76482652484
97202822644;27206864653
17051514952;07490143775
61442735260;08385664497
68380538463;23369194906
80514561973;87576772107
43151364969;05895932382
49158880383;48515259396
42817324519;49542682138
47172495053;57190529022
33692405191;43063341639
31512176304;44992608468
79134793072;40106478425
52187067076;26989223395
54766763076;94227084563
22277981641;51887086989
54384183488;13080475957
75948593679;31115639803
09692433564;00704051057
37737270742;66481501614
60083554575;58472564125
61546427876;68871950571
92589168649;84148770051
01460968304;06407352317
40418863135;65065556349
69038147087;50081564722
70026625978;31284048801
76396534956;88287081993
14773788656;62997238943
28199473617;89737603871
71533979784;63190103143
12413507200;07360404935
59195205399;54379701474
24406188080;22030490147
52199461290;80453053248
34756823502;97766867111
89996151752;83674688905
27234326097;40106478425
77580897766;14012443304
05239560825;84113980447
03307241664;58689903087
99704534481;68480136701
52797897518;25372156474
55162553121;34215050201
16124382569;49542682138
44589610738;43735414297
92015303748;40134335114
51393331653;14501027544
91550799640;24023975936
45209691844;58713450754
61244077386;24023975936
46625173514;83820138875
01465248656;27206864653
55210104021;93258163108
84814790982;22339087409
92399597127;91519200417
07338713264;35604284455
20642528549;69462766948
39996995982;33697575953
58689903087;89813553869
49405416180;31918725851
75254503671;37570695523
50105343702;72309186607
77092790668;61662100433
33477623309;01894798962
30207092717;75739927138
00085378542;84472661418
35122483976;89813553869
35574719011;61244077386
51287374754;28539128616
44225901649;86982144631
38727486397;46885980341
24857269519;20263536813
14357561491;54078977693
39946763584;12821013753
07882972088;26560700193
68604191063;63749427979
76526550360;00103036179
51783180768;78026538034
02523071912;65522284024
41018068532;23559792606
84152041910;32045637842
92172501517;71856741233
18575269079;14807871214
27934112470;07146004132
20140807136;53874602260
04336223992;26989223395
74433489102;46311876650
29402434926;94943409465
56693151237;78970106550
42727863560;20233109575
87657794032;73117911242
30005304309;99983586057
24042982662;81845750988
35975729643;39090018224
90606897388;42817324519
14672648897;49004995828
28302000686;06319232999
07882972088;83150805714
41036641406;92711192025
44992608468;37737270742
43735414297;87576772107
96022746567;05531068888
75948593679;16047394488
23678416206;63606954314
50601100934;77881518320
21170064577;71283694211
68173136882;55422483638
62628942628;75467545894
58472564125;32901813581
94392214085;00120418470
30207092717;95978075362
28090236300;03531404865
56041513170;84671007720
12890291686;27721928741
76396534956;51783180768
91550799640;56485124796
25323695522;31302725870
14501027544;92016906762
11551849822;47949592153
04512807257;58385645704
09461822948;79991603929
31284048801;94686021255
79134793072;77037589109
99156070455;35574719011
47514733941;68871950571
32407824586;03671014986
62176845622;75739927138
47463224784;08635392399
12762899780;55210104021
07000091383;20528591857
39291515944;54191287276
52911356473;17760794860
39996995982;69462766948
77693913340;96010202098
95832270440;04240506625
94903713133;07146004132
64317596931;06901334367
53784083841;31489743582
34229592525;06948258194
02033700037;17193476542
98262325236;90828076769
08653043363;50994800472
61905737921;85599353443
43511904696;22030490147
96539102378;18277579860
66694923071;89067970617
54379701474;53609244186
21170064577;00201196879
89049045060;58385645704
50231281091;97866463891
26178550837;22121745730
00133050959;63393682397
79814254511;21214296094
30334466382;82548584470
93615692538;32252677507
55162553121;93503455398
29402434926;82548584470
47463224784;53609244186
05743440723;07146004132
76161734929;47340364804
13048050170;51907312164
12821013753;31489743582
78277725561;01806077965
84671007720;05250971674
30620814905;48500303962
73741157664;89330619257
39650856019;43063341639
77392746180;82351024593
25378517870;18140525967
37570695523;89899162301
84266966898;50087322761
05999067182;56233866008
34525025264;50081564722
80514561973;34525025264
28529275162;33282950937
20245374206;96199134111
64991038584;65350925475
86525135515;47949592153
58595555224;05250971674
69038147087;05254860736
75475221238;07422390405
03900322496;73596850578
39544410782;79426586969
75739927138;34215050201
32045637842;29412456532
11241853333;27234326097
29697593706;59864712632
54499271236;40169970856
28687861754;12413507200
48856144342;91261450184
44694935882;28985245384
14794413711;40691082332
80683665547;83875317847
20245374206;11131234712
61824488801;47514733941
95832270440;01060622850
66340987934;31631310696
95904519921;99180508751
00497336783;23678416206
43735414297;14312324064
00688210921;09324637447
76712499105;20528591857
46311876650;58689903087
48130566236;30646237994
01962426665;38750451972
32291557677;78277725561
17193476542;18357543251
96714225053;84814790982
64208273027;58689903087
61456345614;29243540426
76396534956;84327292971
47514733941;20188093431
95832270440;06225107228
87576772107;54191287276
99180508751;44219897595
17556130391;30646237994
56693151237;62963093606
14794413711;12461740438
18565198365;05957829086
31115639803;91253619899
38727486397;31494547186
12433089646;60742934388
59109326934;40815098225
47514733941;31896344908
47176090912;79849736088
30301849753;97980872411
28985245384;93946389002
04512807257;59864712632
34194951602;39975978596
83698055240;17193476542
31896344908;50087322761
43681893746;67054404227
76482652484;92342947918
09324637447;62290691200
40418863135;53784083841
06291434398;79940615090
54379701474;63545492518
21012147231;78448171884
22705607992;30760711291
91638891495;06348379746
47514733941;50087322761
94943409465;54800490916
56478531816;04551928374
89996151752;24042982662
58689903087;14794413711
81894367843;28074822036
34229592525;54546773381
75475221238;43681893746
52034369532;00948969037
07848634777;14357561491
25378517870;00948969037
18277579860;74997421242
52664556896;14092127011
06225107228;22121745730
95978075362;14918249135
36059757835;56835083758
52231180728;27721928741
01673994425;72038562864
10521671081;42213697075
95004113114;10134746112
38407190534;57523125036
32407824586;97012343985
53681368001;38498792086
66340987934;46611307564
83092399348;60742934388
89813553869;90286314771
17051514952;97363864767
57483236869;30911546163
33697575953;64208273027
71856741233;42213697075
92469243970;39291515944
76482652484;74997421242
67019167898;54078977693
99156070455;09203731628
16539945341;18140525967
21656228313;92231093986
03531404865;93946389002
38383003934;14773788656
50231281091;35574719011
95978075362;87085075564
34194951602;52911356473
00360572129;95832270440
88191923371;35122483976
33692405191;53823116192
18973798224;78026538034
12207505397;11397886100
90642640883;86886277229
48629836624;66476242237
28687861754;69663825292
28687861754;91519200417
24857269519;20528591857
68585265674;97202822644
43997191299;52199461290
12602294118;07848634777
13071520702;98617758846
95811260333;80683665547
98660948382;28687861754
99618594050;75475221238
69847144262;96843800079
46651701581;84327292971
95350598590;14918249135
83121863487;68380538463
47514733941;00103036179
67054404227;83674688905
70604586371;55021619254
68300990752;80269993582
05254860736;70454569202
67639311525;35604284455
94740024356;05999067182
74997421242;73741157664
20233109575;02092381305
55210104021;88110448096
66481501614;76482652484
36301064667;09203731628
79230976919;14357561491
10134746112;50706008826
13203574881;33060454666
54384183488;09026225294
94227084563;23082096438
27934112470;68082591994
12155798064;56835083758
23434770185;66765408452
13071520702;52407479623
19877011233;06407352317
01806077965;05008745421
65344270250;02309635623
76161734929;35637037975
91519200417;85277564497
03542647469;70245439004
48856144342;40106478425
53609244186;53823116192
85174997484;91550799640
29527403424;01962426665
28441052104;22121745730
43851646421;91638891495
65366770014;55351560898
92342947918;28539128616
17210395805;62628942628
99276407112;17051514952
89675937915;28199473617
84266966898;56835083758
09691417801;54499271236
71856741233;00704051057
54947137085;68871950571
65344270250;40815098225
89813553869;30005304309
65777438242;26850121042
12461740438;96098941391
06322438759;52231180728
01550827060;92015303748
03900322496;93986025048
35637037975;24023975936
52407479623;02950360450
52664556896;40883018811
78448171884;62199444696
88287081993;59211034060
26178550837;12155798064
11891039422;66765408452
62290691200;85174997484
13048050170;93657581378
43997191299;91519200417
33771740063;21039777725
66141382941;86180365149
17556130391;06613656395
41036641406;65350632205
60582540865;81172992530
08385664497;53504980485
84730577411;38067126724
26691389030;28199473617
46854118531;18575269079
31455629220;89346658526
06116269845;96022746567
61728517097;31918725851
06322438759;96664382010
22901476982;92056429850
55122835290;57523125036
38438801842;14561033388
26111368173;37737270742
23910752543;21170064577
21294013643;14950432078
59109326934;84814790982
04336223992;21039777725
09691417801;83771870311
38377488076;26178550837
47172495053;54384183488
01060622850;65344270250
83875317847;27934112470
57217190427;07848634777
13423802957;69802880597
87085075564;71557759274
30207092717;38727486397
97202822644;56428795425
33060454666;96848162895
25015102710;97012343985
18357543251;33405683926
01636043568;99579399046
51799160330;22277981641
11131234712;11785248807
84688654391;14092127011
29331596947;79991603929
53609244186;24579534773
40169970856;69847144262
63545492518;58472564125
45122841236;74061632766
04943308089;37570695523
03307241664;16047394488
50105343702;61546427876
40106478425;60308378231
72195951907;19525995072
00360572129;88633550596
60308378231;71557759274
90286314771;02345272292
33773264423;33692405191
57483236869;14807871214
13140716041;92364544237
77881518320;79230976919
84152041910;70386404233
30194508265;89067970617
60742934388;61042770499
03029637840;30620814905
49748406307;25015102710
50231281091;68300990752
65051006481;31896344908
71477516600;80453053248
99306055551;17963634399
06348379746;96714225053
62554025758;05895932382
30072221937;63510090685
01894798962;93986025048
61456345614;39996166054
10872332618;70026625978
96010202098;59355611977
10134746112;27064242433
95274607729;74865987772
65366770014;68300990752
66906233005;11785248807
82921817659;83771870311
81490055172;27206864653
38754606796;12433994136
62554025758;18967298811
98750846065;94833527439
82670699585;69157179239
05432733780;83121863487
63598483456;75605238712
45122841236;35975729643
02883176916;01460968304
63545492518;03437228006
00688210921;44679789103
73638963158;45071541332
20098937131;58580135125
14672648897;93657581378
60609351041;19989190849
38924545693;05239560825
35723041167;27113238371
73799139764;87576772107
18565198365;90606897388
00571387049;61086591556
91519200417;13133288243
33282950937;27934112470
84014039361;01636043568
81963643217;56402452318
83771870311;40418863135
66476242237;47340364804
70671706294;24300251858
11788843914;61086591556
21214296094;60323684225
99126114966;18575269079
83092399348;08397840002
28290054161;00201196879
90606897388;59195205399
65366770014;28302000686
73684692788;95181181845
88110448096;66481501614
68173136882;14773788656
04512807257;41356937554
07000091383;35759253722
99156070455;42917416074
25144002917;68585265674
16709466887;02861091338
07422390405;18357543251
80453053248;07882972088
62963093606;94856517802
49944726471;55210104021
13043125498;53681368001
27837806693;85277564497
00948969037;19639847749
97011866444;46651701581
76791982007;39237911855
32514417295;29331596947
76482652484;86886277229
94840525697;85599353443
05828112119;29402434926
56428795425;22277981641
65777438242;70604586371
97012343985;50601100934
50706008826;22387252911
85618785083;41756915037
11397886100;39996166054
53874602260;82091694888
19639847749;49705017910
43151364969;30911546163
38407190534;55351560898
72275394632;84671007720
97949080032;56665732788
63545492518;90606897388
52171989225;70510546054
62199444696;30207092717
20263536813;29412456532
51783180768;52199461290
56097280071;92625340716
14357561491;92056429850
47064687322;03307241664
74433489102;05968928033
68380538463;32514417295
59211034060;57523125036
74061632766;96010202098
50994800472;21970254860
68997598308;40815098225
73251347011;61662100433
53497723718;53681368001
09691417801;95274607729
37737270742;12307124472
70026625978;07406968620
35759253722;82091694888
76396534956;41018068532
64522135935;11933711323
66694923071;42727863560
05432733780;65350632205
25372156474;11131234712
64208273027;65316438971
95004113114;01740302320
10647355758;73684692788
12433994136;70245439004
20188093431;03707110642
73684692788;14192494134
64726288666;52635708895
00948969037;25372156474
63606954314;66476242237
24786493585;88399633714
44679789103;14561033388
34001052135;66476242237
21214296094;85912388011
17400527049;60667441304
56832684791;64866521670
31302725870;95811260333
30334466382;68585265674
09461822948;77392746180
98750846065;23678416206
81172992530;65350925475
34275739923;97949080032
56665732788;53823116192
93657581378;33170994220
84814790982;37737270742
58472564125;27837806693
50994800472;09461822948
98797907382;94392214085
50231281091;39222752853
01806077965;14436351301
95274813332;23369194906
89067970617;13080475957
68710127635;85605808173
86886277229;83820138875
32901813581;14312324064
29440037870;59133200489
25893621391;80570933249
84152041910;56041513170
70510546054;54499271236
00133050959;73684692788
49962592855;92056429850
75097502306;06291434398
86525135515;49542682138
42917416074;29402434926
81544546147;64015898870
28441052104;86777746956
65350632205;90413697143
35895949542;19026428193
17400527049;73251347011
94833527439;51414817919
07398786241;79426586969
89899162301;66833408620
56041006130;83121863487
02033700037;51887086989
49944726471;74997421242
75467545894;17210395805
76526550360;35122483976
77092790668;30620814905
22387252911;47514733941
83698055240;38377488076
07406968620;68585265674
88793538093;44801561801
08397840002;75467545894
43360296222;44225901649
13133288243;05743440723
39996166054;52255929608
71820632303;23678416206
30620814905;40169970856
76791982007;65350925475
43851646421;03437228006
69157179239;54882901529
53823116192;12433994136
88287081993;91519200417
92501203799;83150805714
64317596931;16124382569
01962426665;42213697075
70510546054;12307124472
89330619257;23082096438
73117911242;17963634399
82921817659;18357543251
86573702618;55122835290
46611307564;02524999791
77092790668;34215050201
12433994136;34275739923
87085075564;53609244186
98617758846;00497336783
62176845622;79849736088
04512807257;89899162301
59109326934;64726288666
91253619899;68585265674
71067716605;48095430940
68480136701;54882901529
77580897766;51799160330
61456345614;21970254860
50105343702;26362514643
99156070455;63749427979
75948593679;46246917541
24857269519;13633060247
60323684225;28382806966
03538709669;34275739923
75254503671;80683665547
69038147087;14312324064
67639311525;78448171884
16539945341;51907312164
41992007164;96199134111
43851646421;05957829086
98262325236;65344270250
00704051057;20188093431
12207505397;26026954346
86982144631;65344270250
32045637842;89996151752
96664382010;52199461290
67019167898;94260372834
38407190534;51287374754
45071541332;46651701581
18140525967;04943308089
57944739458;47172495053
00085378542;43151364969
73117911242;64756709651
90642640883;93615692538
62997238943;05968928033
35176057375;44073490082
98660948382;01962426665
45122841236;14012443304
89330619257;88110448096
62199444696;82548584470
56188507958;20242377746
66548746810;20233109575
87576772107;75100060489
51799160330;03132895254
36301064667;81039908492
50081564722;26989223395
85924833337;28309803572
85599353443;90413697143
66833408620;25620248454
43997191299;39996995982
97011866444;85605808173
30207092717;61546427876
19588706753;44225901649
23886359272;66548746810
59759786008;30194508265
30620944716;61456345614
69767576451;61728517097
20528591857;56832684791
46246917541;44801561801
56562296842;75100060489
32386645469;97363864767
61442735260;33697575953
95274607729;04943308089
40106478425;55210104021
00948969037;39237911855
43063341639;45209691844
68398022314;68871950571
12433089646;76396534956
98660948382;20086428412
71533979784;08662448706
19639847749;73596850578
79877884976;40169970856
28090236300;49158880383
18481639913;41036641406
94227084563;33692405191
01806077965;32901813581
72275394632;53705506131
00360572129;68585265674
43511904696;97949080032
94833527439;58580135125
17963634399;99618594050
16047394488;17209180562
02950360450;76791982007
49158880383;74997421242
66928302932;13203574881
49158880383;30129609663
83121863487;33587683400
22277981641;03437228006
17400527049;06587883301
65051006481;27234326097
38727486397;30646237994
66340987934;10626733469
39237911855;20464663607
02961090212;12461740438
47297963317;77881518320
39975978596;00571387049
60295564267;06319232999
60582540865;66765408452
10299526887;25144002917
22121745730;77417589304
88191923371;13133288243
69802880597;09344545042
83875317847;20242377746
94840525697;89330619257
78970106550;38438801842
78448171884;55351560898
39439074742;45474887930
27934112470;83674688905
60582540865;07338713264
77693913340;51783180768
27206864653;06319232999
35637037975;05254860736
08662448706;16539945341
34771652028;04240506625
55162553121;93986025048
83092399348;84430163678
57944739458;12461740438
27721928741;31302725870
49748406307;70386404233
77092790668;90828076769
71477516600;02092381305
85924833337;48095430940
02191439259;39090018224
28529275162;14950432078
01962426665;40134335114
77392746180;85924833337
53497723718;80269993582
77000720631;79991603929
16281756162;56041513170
92016906762;65344270250
16281756162;20263536813
02070383547;39889960204
96044788121;30005304309
99618594050;11397886100
66141382941;56041513170
93657581378;18277579860
20322662885;97949080032
58472564125;53784083841
93865683369;22030490147
10925243577;22121745730
24406188080;67648963143
39996166054;03531404865
14561033388;21214296094
33692405191;92625340716
49944726471;34194951602
72038562864;96843800079
95904519921;61442735260
77092790668;33718090596
46625173514;92015303748
17764846961;64522135935
57065122391;56402452318
81845750988;68658586914
38383003934;65065556349
68380538463;95181181845
44801561801;33282950937
59864712632;12821013753
89899162301;90223115332
94442464716;06587883301
33060454666;20098937131
07406968620;77693913340
69847144262;35895949542
70454569202;64726288666
70245439004;48130566236
43360296222;75946874994
24042982662;07848634777
13048050170;55676816207
02861091338;09692433564
67054404227;75913478706
18956035269;84472661418
80570933249;34572516905
11110136226;00688210921
07146004132;68380538463
64015898870;39967182832
19549945977;25481595545
93865683369;08212614292
11131234712;30620814905
98750846065;04705284698
29402434926;95336972738
82049774336;33912640110
31631310696;54078977693
39975978596;38407190534
87289536210;69847144262
99579399046;90922630049
69663825292;58850190351
80373604239;03132895254
84327292971;46246917541
66141382941;55162553121
93615692538;29527403424
00273766566;47463224784
51414817919;23678416206
23886359272;98447278112
42144123150;99308449108
09203731628;33771740063
82049774336;01484789632
85174997484;83121863487
74916334227;35968616470
48629190946;31494547186
98660948382;49705017910
00988757570;71886876340
39237911855;87597241581
28529275162;42727863560
01465248656;00988757570
63510090685;44694935882
28539128616;47064687322
52630629459;39544410782
80453053248;20098937131
30072221937;86354502582
94227084563;42213697075
13557260193;99704534481
77417589304;64866521670
87053204049;56402452318
68082591994;85277564497
96098941391;01484789632
77392746180;00948969037
79709760671;53497723718
43360296222;24579534773
97766867111;71856741233
52187067076;68380538463
40815098225;51783180768
46443567919;93503455398
93946389002;59148571578
66694923071;36354295078
92469243970;23082096438
03707110642;02345272292
94392214085;65051006481
66141382941;43151364969
02493286803;41356937554
18967298811;49962592855
17764846961;09324637447
20188093431;14807871214
86180365149;64064523079
00360572129;26111368173
80001077590;69456535384
91261450184;58385645704
23559792606;31489743582
20098937131;32901813581
90223115332;22030490147
99306055551;66276468196
31284048801;39237911855
11397886100;55351560898
33697575953;39291515944
64317596931;58713450754
22705607992;27967485388
19369730241;56402452318
79940615090;32045637842
12433089646;38498792086
75081030541;95832270440
77693913340;58595555224
52911356473;45071541332
52635708895;40099341183
97564776269;57523125036
91026278675;25262248593
22339087409;88793538093
73251347011;61086591556
50105343702;92655326277
29412456532;80001077590
24042982662;10569973933
52630629459;05432733780
54384183488;89911841636
25481595545;06322438759
23678416206;14807871214
07422390405;52995634119
42144123150;66765408452
56478531816;00273766566
84730577411;05254860736
04240506625;83672784837
25323695522;93258163108
81172992530;39996995982
31115639803;42144123150
20464663607;84472661418
29412456532;60853942127
09461822948;08397840002
14807871214;00014736568
11551849822;66340987934
01550827060;63599497551
66795964790;60742934388
44073490082;79617568119
69462766948;05895932382
41674003961;18565198365
06348379746;49748406307
23886359272;75097502306
73117911242;82351024593
99579399046;82270898634
96238548373;25378517870
05254860736;08397840002
22081915325;90828076769
72275394632;66340987934
14807871214;03307241664
63190103143;06291434398
09324637447;29402434926
00143229829;81172992530
93589932729;56188507958
98617758846;84152041910
97564776269;92399597127
48500303962;31631310696
85912388011;97766867111
40691082332;29697593706
99983586057;54384183488
11785248807;59211034060
83698055240;61456345614
03437228006;39439074742
70454569202;58689903087
50105343702;27403615452
79617568119;23369194906
40418863135;18277579860
49748406307;49705017910
04430432003;58595555224
24670487913;64927526022
06613656395;74997421242
43997191299;92625340716
20642528549;84327292971
26560700193;95818319035
01121548682;04336223992
71886876340;77092790668
41992007164;96149314206
10033744359;24406188080
78970106550;70604586371
96848162895;92399597127
31284048801;04705284698
38020570376;94903713133
01060622850;64866521670
80453053248;96199134111
84730577411;85924833337
33060454666;14092127011
96098941391;39889960204
82670699585;26362514643
12307124472;13213235096
06948258194;50105343702
59133200489;05254860736
40691082332;51907312164
38377488076;87289536210
14794413711;05205839898
66765408452;35759253722
60582540865;09344545042
45834228275;02523071912
40106478425;99308449108
23488163341;77092790668
71283694211;84327292971
46885980341;99308449108
02883176916;19620789115
04705284698;21294013643
99156070455;31037693356
42817324519;41756915037
87005862646;00014736568
81172992530;63190103143
80570933249;85174997484
27934112470;56269995882
12207505397;69847144262
46854118531;94943409465
55162553121;35122483976
60295564267;30301849753
49004995828;28199473617
54191287276;63749427979
20464663607;07051732553
84688654391;58850190351
14773788656;68604191063
14192494134;58689903087
16709466887;66548746810
12433994136;24319726030
44219897595;02345272292
93589932729;32407824586
01460968304;53497723718
17075488099;38059085793
20245374206;35723041167
14092127011;45209691844
64208273027;60742934388
91147857706;29440037870
69462766948;53281447695
28539128616;02158740055
67054404227;11397886100
91638891495;10134746112
13557260193;65344270250
72275394632;07225321050
72275394632;08653043363
75100060489;85277564497
63599497551;33912640110
49303681005;66476242237
50087322761;04430432003
97980872411;35604284455
73251347011;55676816207
30194508265;31631310696
84472661418;41674003961
56478531816;81845750988
38498792086;49303681005
66548746810;03707110642
91638891495;72309186607
99276407112;95818319035
02345272292;38727486397
27234326097;84814790982
52187067076;32854516436
30334466382;17760794860
93503455398;45122841236
46854118531;11131234712
36184935963;05239560825
30005304309;68658586914
71886876340;17767141899
44801561801;17075488099
83698055240;83674688905
03671014986;71477516600
68082591994;22901476982
71533979784;21039777725
75475221238;32901813581
91550799640;48500303962
42455527060;36059757835
23082096438;39946763584
57523125036;20140807136
48629836624;54882901529
30129609663;28302000686
59211034060;15879580107
75913478706;10647355758
05895932382;53823116192
07225321050;93986025048
70510546054;13133288243
30911546163;33405683926
27234326097;98318874725
80514561973;91550799640
63481109437;24670487913
28090236300;52911356473
94740024356;39222752853
45209691844;53504980485
07848634777;48629190946
03538709669;13071520702
71820632303;29331596947
51414817919;49962592855
94260372834;54766763076
07398786241;81894367843
28309803572;99308449108
45209691844;05254860736
74997421242;40815098225
14092127011;93589932729
77881518320;70604586371
22323732732;98318874725
70386404233;50706008826
88110448096;02524999791
71856741233;82351024593
52718616982;92589168649
59109326934;99618594050
43997191299;67648963143
86777746956;46611307564
22081915325;03707110642
29243540426;82351024593
56402452318;26691389030
02033700037;64927526022
84430163678;14474238663
66141382941;18575269079
75948593679;33282950937
79991603929;06169100973
58713450754;53874602260
43735414297;39996166054
51103164963;03029637840
39946763584;66728920561
00502858810;23488163341
01484789632;48130566236
92730758815;81963643217
68082591994;87657794032
97980872411;42817324519
29929705421;55162553121
35604284455;65350632205
84814790982;38059085793
13557260193;36354295078
97766867111;48515259396
33170994220;53609244186
18956035269;66864792719
69107141627;98617758846
13080475957;19989190849
46885980341;56269995882
65777438242;44219897595
39237911855;77881518320
25378517870;66476242237
12307124472;67019167898
46311876650;11891039422
84688654391;05432733780
16047394488;74997421242
46394439260;04705284698
06225107228;99579399046
52231180728;85174997484
07425275639;39996995982
22339087409;00014736568
59211034060;65913170790
77392746180;54546773381
28199473617;35973639894
85599353443;46885980341
72979565005;63545492518
23369194906;36301064667
92730758815;72327638817
30129609663;95832270440
27837806693;67639311525
04705284698;65350632205
57190529022;00085378542
75467545894;45071541332
28893604308;43511904696
92015303748;79940615090
84430163678;98617758846
54766763076;28893604308
07848634777;22387252911
51414817919;88287081993
87085075564;39439074742
54499271236;10872332618
59355611977;64756709651
04551928374;23678416206
64866521670;96664382010
92056429850;17767141899
00688210921;45071541332
26850121042;16539945341
20322662885;73638963158
68604191063;38059085793
39889960204;89346658526
39073714847;23082096438
14357561491;70510546054
52171989225;31051505675
70026625978;40463630697
35574719011;07225321050
29697593706;38377488076
12602294118;33888463499
27837806693;92399597127
90413697143;52911356473
93503455398;48130566236
53681368001;00120418470
05895932382;16509024605
46443567919;30791136040
40418863135;02191439259
06647658779;28539128616
06225107228;03538709669
57944739458;14773788656
51287374754;26560700193
44694935882;92032976026
82921817659;78970106550
35973639894;83672784837
46394439260;66476242237
69107141627;46611307564
06319232999;25893621391
08635392399;27967485388
58850190351;19588706753
77417589304;35973639894
81894367843;57944739458
54800490916;32514417295
29331596947;28382806966
57523125036;46246917541
31284048801;11788843914
23434770185;76161734929
26993200944;84472661418
02158740055;95811260333
83771870311;74061632766
49158880383;96539102378
77580897766;52187067076
51762741125;23886359272
23322056046;27206864653
65065556349;34194951602
39946763584;23678416206
01550827060;42144123150
94840525697;14012443304
65874550208;02694558566
18956035269;91806228873
78730428597;79814254511
80453053248;07146004132
77037589109;91026278675
96044788121;14950432078
79230976919;58580135125
14124968791;82351024593
12307124472;05531068888
51907312164;12307124472
38059085793;14807871214
80269993582;42144123150
30301849753;79877884976
70386404233;35895949542
40815098225;43063341639
37737270742;31284048801
50601100934;05205839898
30911546163;96044788121
47176090912;23559792606
33718090596;27934112470
11551849822;28687861754
96843800079;25893621391
56428795425;07398786241
30620944716;53281447695
59947708264;01636043568
38727486397;67019167898
96044788121;70026625978
77037589109;64015898870
30194508265;27967485388
99618594050;16539945341
97949080032;18481639913
53504980485;64522135935
85605808173;46246917541
36184935963;26138024926
37570695523;26850121042
14510207922;75946874994
65913170790;59759786008
61456345614;13633060247
06291434398;89996151752
66476242237;56478531816
75605238712;67639311525
69038147087;36354295078
46625173514;34572516905
50087322761;58595555224
44584040158;84430163678
05968928033;39090018224
81039908492;77000720631
48500303962;63481109437
83672784837;92730758815
55162553121;97400055251
66694923071;14474238663
27934112470;91550799640
91147857706;87005862646
65777438242;95274607729
45834228275;73251347011
55322981957;92056429850
27234326097;80001077590
18277579860;45152877749
30620944716;57217190427
01894798962;83092399348
47949592153;07425275639
02191439259;17556130391
48629836624;51907312164
42727863560;66141382941
00497336783;60083554575
28529275162;25481595545
70510546054;14436351301
50231281091;07848634777
64866521670;64522135935
25335578214;26993200944
14918249135;05957829086
77000720631;66928302932
76396534956;69802880597
75081030541;61533482803
31918725851;35637037975
66906233005;35723041167
24406188080;88110448096
74061632766;97866463891
33405683926;16509024605
80859271910;53497723718
03366725419;73596850578
48497480578;47949592153
68300990752;17210395805
25372156474;62199444696
46311876650;73741157664
75913478706;92622881738
39975978596;73596850578
77000720631;01121548682
22387252911;65316438971
25372156474;93986025048
02345272292;97949080032
20188093431;31896344908
06647658779;24579534773
39996166054;70454569202
89067970617;18967298811
08662448706;96848162895
66476242237;14357561491
74433489102;42036102289
78730428597;06169100973
50105343702;18277579860
28090236300;80859271910
97753636154;41036641406
04070175409;88243319282
02523071912;34194951602
57944739458;14554618806
17760794860;57190529022
69663825292;85277564497
00688210921;79426586969
56562296842;89996151752
46311876650;22901476982
35574719011;89136646910
58472564125;66928302932
51103164963;16047394488
62628942628;11110136226
38067126724;17400527049
87576772107;13133288243
29331596947;02883176916
16539945341;17051514952
51103164963;49138011457
39967182832;41356937554
02309635623;34572516905
79426586969;26086948920
30760711291;39996995982
94903713133;62290691200
03132895254;41992007164
65350925475;66833408620
26178550837;00014736568
52255929608;82548584470
43997191299;94840525697
12602294118;64208273027
95004113114;05205839898
10521671081;35759253722
20263536813;34525025264
84814790982;35975729643
85277564497;11110136226
33888463499;01465248656
56832684791;24857269519
84113980447;06169100973
90413697143;74061632766
51907312164;30646237994
50081564722;69462766948
62199444696;06169100973
84266966898;39544410782
89737603871;94740024356
53277743005;75254503671
28290054161;27113238371
63190103143;13133288243
27064242433;15879580107
94392214085;78970106550
50706008826;06291434398
96098941391;66467190521
38750451972;47064687322
83698055240;14807871214
62554025758;99306055551
07225321050;73596850578
17764846961;39073714847
70245439004;65051006481
07146004132;79617568119
42213697075;21294013643
98318874725;92016906762
84671007720;17556130391
19989190849;84430163678
14561033388;98261973292
33405683926;89899162301
74865987772;97766867111
05254860736;38727486397
54800490916;68658586914
53277743005;35574719011
05999067182;32901813581
54766763076;14554618806
30072221937;50105343702
52664556896;68871950571
30220513969;06647658779
00273766566;26311738659
85277564497;18481639913
04240506625;90413697143
26560700193;03132895254
02493286803;78730428597
39650856019;95904519921
21170064577;95832270440
79991603929;47172495053
84814790982;43511904696
66728920561;50994800472
60295564267;48130566236
68082591994;97949080032
89330619257;14192494134
05957829086;14807871214
25335578214;12433089646
95274607729;72309186607
93946389002;55322981957
65227894777;39439074742
18357543251;21170064577
89899162301;61042770499
40691082332;52718616982
03542647469;06348379746
86354502582;38727486397
10872332618;43063341639
06322438759;58472564125
41927357636;81544546147
32854516436;04943308089
60308378231;08662448706
57483236869;52718616982
02883176916;38438801842
21656228313;52231180728
66141382941;08385664497
20464663607;53597017717
56188507958;87005862646
77417589304;36059757835
05250971674;79230976919
38342330653;94856517802
12602294118;31455629220
73684692788;41927357636
35973639894;78277725561
06587883301;02191439259
83092399348;92231093986
32854516436;20642528549
74916334227;59864712632
12155798064;82670699585
48500303962;94903713133
87039829262;29412456532
00948969037;64522135935
32252677507;55422483638
61086591556;81172992530
95832270440;01806077965
91806228873;79709760671
11397886100;03366725419
92622881738;09203731628
69767576451;80859271910
64866521670;96848162895
99618594050;57523125036
57065122391;90828076769
33477623309;52034369532
14474238663;22323732732
63481109437;92399597127
48629836624;24319726030
46394439260;72979565005
18956035269;01465248656
93589932729;52797897518
77881518320;39090018224
38383003934;97012343985
93986025048;97012343985
89136646910;31631310696
49962592855;70604586371
55676816207;96098941391
17767141899;88633550596
86886277229;03437228006
38750451972;99704534481
76526550360;00014736568
53823116192;30334466382
84671007720;96664382010
03542647469;88793538093
50087322761;58713450754
65913170790;62628942628
14918249135;79617568119
93725164040;34001052135
35604284455;50231281091
65350632205;93258163108
29697593706;51799160330
14554618806;32854516436
37570695523;88243319282
17210395805;02694558566
82670699585;79877884976
94686021255;61546427876
67558717362;69157179239
32291557677;83698055240
86525135515;03900322496
52187067076;38025266035
14672648897;93865683369
02524999791;40691082332
61905737921;79230976919
06116269845;27403615452
77037589109;91550799640
41018068532;66928302932
65227894777;44584040158
89911841636;86886277229
54947137085;69462766948
13071520702;49138011457
32854516436;03542647469
99126114966;67054404227
83875317847;47064687322
27967485388;07422390405
00360572129;00014736568
68480136701;11785248807
10299526887;26989223395
